time_s,voltage_V
21474.49,-0.4332636540703324
21474.49001,-1.0341281893560506
21474.49002,-0.38769193395345436
21474.49003,-0.9806910314782668
21474.49004,-0.8304368799818654
21474.49005,-1.6452344882912682
21474.49006,-1.4607656248626435
21474.49007,-1.9584220102538572
21474.490080000003,-2.0080691722066337
21474.490090000003,-2.6262709226613645
21474.490100000003,-2.5205259246934015
21474.49011,-3.0223811592509584
21474.49012,-3.0118370108591592
21474.49013,-3.6273901108827236
21474.49014,-3.422370391560838
21474.49015,-3.8833965644177084
21474.49016,-3.7591574207231413
21474.49017,-4.4154896232184
21474.49018,-4.288733706324767
21474.49019,-4.640888441849215
21474.4902,-4.421701353707967
21474.49021,-4.846866838269417
21474.490220000003,-4.622604593706095
21474.490230000003,-5.001457387260579
21474.490240000003,-4.955273841419987
21474.490250000003,-4.595031633543935
21474.49026,-4.81243823432415
21474.49027,-5.25319010366201
21474.49028,-4.899710930679808
21474.49029,-4.987195125947366
21474.4903,-4.925046599167035
21474.49031,-4.583888516602769
21474.49032,-4.81568326104921
21474.49033,-4.433783812199906
21474.49034,-4.591290732918421
21474.49035,-4.1890876285649785
21474.49036,-4.169542571216324
21474.490370000003,-3.8221343495052413
21474.490380000003,-4.056545368469628
21474.490390000003,-3.43131332666643
21474.4904,-3.5867137316267956
21474.49041,-2.8868008502278215
21474.49042,-3.2057856311258646
21474.49043,-2.6619999939825196
21474.49044,-2.500646009687009
21474.49045,-2.0520741951801984
21474.49046,-2.1601045869887283
21474.49047,-1.6366432225716956
21474.49048,-1.5614515809612959
21474.49049,-0.9721874570266072
21474.4905,-0.9520450161719607
21474.490510000003,-0.307826229742333
21474.490520000003,-0.657674342432292
21474.490530000003,0.20409623396398033
21474.490540000003,0.03123378089813853
21474.49055,0.8659494376401494
21474.49056,0.7117498683066533
21474.49057,1.420062983284866
21474.49058,1.175509096213727
21474.49059,2.0396222788541873
21474.4906,2.0221976055055455
21474.49061,2.53402058612383
21474.49062,2.4093175269076528
21474.49063,2.985639983117522
21474.49064,3.0069203872613444
21474.490650000003,3.5730041010790905
21474.490660000003,3.408480434758139
21474.490670000003,4.08751844456607
21474.490680000003,4.0151142407457545
21474.49069,4.40057096448367
21474.4907,4.181007666592208
21474.49071,4.768334893585879
21474.49072,4.597949489557872
21474.49073,4.9786058378488764
21474.49074,4.789146626449829
21474.49075,5.160152337723068
21474.49076,4.99570410338299
21474.49077,5.400376272585661
21474.49078,5.27292038548009
21474.49079,5.585139637147533
21474.490800000003,5.458279384206646
21474.490810000003,5.182397555985983
21474.490820000003,5.173083342845336
21474.49083,5.445669933603169
21474.49084,5.302108685059577
21474.49085,4.953856841960407
21474.49086,5.294630631462719
21474.49087,4.991605670788819
21474.49088,5.21582673178538
21474.49089,4.636085729977091
21474.4909,4.966433152491829
21474.49091,4.335598592021542
21474.49092,4.673915189861601
21474.49093,3.9551655795029754
21474.490940000003,4.125311743333123
21474.490950000003,3.6069124844193317
21474.490960000003,3.813843127345379
21474.490970000003,3.2872412829909883
21474.49098,3.404046112107645
21474.49099,2.581781108610109
21474.491,2.790706541917771
21474.49101,2.213312555454609
21474.49102,2.2096344366544285
21474.49103,1.38872170639171
21474.49104,1.8226983930661758
21474.49105,1.0319374361714697
21474.49106,1.1090833062926362
21474.49107,0.6499602306757318
21474.49108,0.6526388805452856
21474.491090000003,-0.15426167273680017
21474.491100000003,0.016347832729315982
21474.491110000003,-0.7617404188096858
21474.49112,-0.6992288277840313
21474.49113,-1.2979903841187228
21474.49114,-1.2584850042632094
21474.49115,-1.979349890464505
21474.49116,-1.8389724902761162
21474.49117,-2.4356899580679143
21474.49118,-2.4247448916435204
21474.49119,-3.1623331588971157
21474.4912,-2.83172089659359
21474.49121,-3.3130001796742072
21474.49122,-3.1681687686873916
21474.491230000003,-3.7784684554489285
21474.491240000003,-3.518599907903874
21474.491250000003,-4.160039531646763
21474.491260000003,-3.9586213151909906
21474.49127,-4.560923723899415
21474.49128,-4.386741936465025
21474.49129,-4.589682516837872
21474.4913,-4.4187391488165755
21474.49131,-4.945575325293834
21474.49132,-4.624452234703493
21474.49133,-5.002570980285493
21474.49134,-5.237190648140967
21474.49135,-4.5866230963525245
21474.49136,-4.802884991880802
21474.491370000003,-5.173063164788737
21474.491380000003,-4.924061076754234
21474.491390000003,-4.623395068687447
21474.491400000003,-4.7846842603672695
21474.49141,-4.36580570691617
21474.49142,-4.818186786359802
21474.49143,-4.237107734122732
21474.49144,-4.427522662595705
21474.49145,-3.953598765168233
21474.49146,-4.167770625126324
21474.49147,-3.612219895519211
21474.49148,-3.817858355557803
21474.49149,-3.1942215393227227
21474.4915,-3.4248540294868564
21474.49151,-2.651686142033079
21474.491520000003,-2.7751347432337585
21474.491530000003,-2.2111785039985032
21474.491540000003,-2.362927154556388
21474.49155,-1.7948524938324282
21474.49156,-1.8290130636294544
21474.49157,-1.2306322843137212
21474.49158,-1.3705135907833048
21474.49159,-0.502926804198745
21474.4916,-0.7951957384066166
21474.49161,0.014854306458987322
21474.49162,-0.012976808569858906
21474.49163,0.817168821313889
21474.49164,0.5782764823047203
21474.49165,1.1117832079066752
21474.491660000003,1.199793871170005
21474.491670000003,1.8753062300386214
21474.491680000003,1.5617804841455714
21474.491690000003,2.4941662276121597
21474.4917,2.2349519517732097
21474.49171,2.95741328727983
21474.49172,2.707926531842848
21474.49173,3.457367667559581
21474.49174,3.141500749494027
21474.49175,3.853635961136594
21474.49176,3.6094635498312955
21474.49177,4.2437387784465415
21474.49178,4.023075082499285
21474.49179,4.632586263901285
21474.4918,4.422427614705313
21474.491810000003,4.98479731859348
21474.491820000003,4.673944229200947
21474.491830000003,5.157854029798498
21474.49184,5.00190819689186
21474.49185,5.456919752202531
21474.49186,5.234177741172116
21474.49187,5.3391131821113
21474.49188,5.41124023735959
21474.49189,5.202150429189431
21474.4919,5.213150048930816
21474.49191,5.598054920324217
21474.49192,5.206320038964128
21474.49193,5.44537878270545
21474.49194,5.391404410859189
21474.491950000003,5.038240318070569
21474.491960000003,5.242920550048632
21474.491970000003,4.838062493895653
21474.491980000003,4.945918582196114
21474.49199,4.412517102823748
21474.492,4.764590740546071
21474.49201,4.188775640054741
21474.49202,4.3015306252960945
21474.49203,3.694758823435837
21474.49204,3.8762711475660474
21474.49205,3.3679685179522605
21474.49206,3.5934626683672084
21474.49207,3.034097635756946
21474.49208,2.938455569156253
21474.492090000003,2.2839483492178645
21474.492100000003,2.5651513845884875
21474.492110000003,1.7690010136693735
21474.492120000003,2.0373501235295493
21474.49213,1.2504015149079366
21474.49214,1.4139691638434
21474.49215,0.599273978838349
21474.49216,0.8008456099096618
21474.49217,0.06492125485050046
21474.49218,0.18458374541771486
21474.49219,-0.645478088307343
21474.4922,-0.4315718089564712
21474.49221,-1.1834789014994225
21474.49222,-1.0690346882929398
21474.49223,-1.7428854691880702
21474.492240000003,-1.5975794531994838
21474.492250000003,-2.388986065805948
21474.492260000003,-2.168725550023051
21474.49227,-2.818045818188247
21474.49228,-2.565973472132574
21474.49229,-3.242357987501621
21474.4923,-3.216271155465919
21474.49231,-3.627804113926014
21474.49232,-3.6311965672943205
21474.49233,-4.0473203690466075
21474.49234,-3.7076962203580606
21474.49235,-4.378494307603722
21474.49236,-4.251120944773957
21474.49237,-4.564726330912251
21474.492380000003,-4.334065184768154
21474.492390000003,-5.054335642984904
21474.492400000003,-4.568105033339385
21474.492410000003,-4.933569283412017
21474.49242,-5.063237751852463
21474.49243,-4.567623373307057
21474.49244,-4.802064542043074
21474.49245,-5.140001903008619
21474.49246,-4.941669820075501
21474.49247,-4.591557272024421
21474.49248,-4.6171376060668585
21474.49249,-5.001386494753172
21474.4925,-4.894961363807501
21474.49251,-4.288292274779449
21474.49252,-4.597896835779298
21474.492530000003,-4.051589440456007
21474.492540000003,-4.220090447974226
21474.492550000003,-3.6599190544521476
21474.49256,-3.9942774822019946
21474.49257,-3.4022753617237185
21474.49258,-3.4010825631645014
21474.49259,-2.7561041711076735
21474.4926,-3.2008609402933224
21474.49261,-2.4413098703615295
21474.49262,-2.6598902193287097
21474.49263,-1.7931730015432614
21474.49264,-2.1332186203895973
21474.49265,-1.376496949687238
21474.49266,-1.5795928350457547
21474.492670000003,-0.747425855944522
21474.492680000003,-0.9960572386905291
21474.492690000003,-0.15337896781853427
21474.492700000003,-0.33250038930796433
21474.49271,0.3855754133825255
21474.49272,0.36742187518345126
21474.49273,0.9893411495948002
21474.49274,1.061595154073886
21474.49275,1.6204665708832366
21474.49276,1.4532378594676802
21474.49277,2.100296970685878
21474.49278,1.9866338924346394
21474.49279,2.8003168575216204
21474.4928,2.681805193018234
21474.492810000003,3.113980658916436
21474.492820000003,2.990419925954262
21474.492830000003,3.8296254278544
21474.492840000003,3.545409248879219
21474.49285,4.270467610241201
21474.49286,4.046954249255572
21474.49287,4.6268099487755
21474.49288,4.365705481459439
21474.49289,4.8730752341635135
21474.4929,4.575177476432806
21474.49291,5.087697320865338
21474.49292,5.192090069477475
21474.49293,4.821908699945328
21474.49294,5.5321128535552875
21474.49295,5.0283136555748795
21474.492960000003,5.229762353768642
21474.492970000003,5.662678923365591
21474.492980000003,5.634187824037434
21474.49299,5.12309009286186
21474.493,5.255283106004048
21474.49301,5.509675036517215
21474.49302,5.407024264470715
21474.49303,5.070904345144134
21474.49304,5.2577154098381484
21474.49305,4.840266076930666
21474.49306,5.177127107378504
21474.49307,4.372317537583586
21474.49308,4.894031264145897
21474.49309,4.34283689951796
21474.493100000003,4.356721919037238
21474.493110000003,4.024133241971967
21474.493120000003,4.213630320273411
21474.493130000003,3.5747691245157562
21474.49314,3.7881696739415696
21474.49315,3.1813068218700047
21474.49316,3.208465462312151
21474.49317,2.6081733183486544
21474.49318,2.836497416163481
21474.49319,2.054315056672959
21474.4932,2.221079124147382
21474.49321,1.408468620658785
21474.49322,1.6105373429356362
21474.49323,1.02356447290019
21474.49324,1.2284508773341636
21474.493250000003,0.4460240149040779
21474.493260000003,0.36369500368345625
21474.493270000003,-0.36570950851859635
21474.49328,-0.23860277147215675
21474.49329,-0.9323204320947897
21474.4933,-0.8395137941330266
21474.49331,-1.6064095615354912
21474.49332,-1.4745137341737724
21474.49333,-2.2403672569692885
21474.49334,-1.7737975553299428
21474.49335,-2.6961327400717647
21474.49336,-2.589074711811948
21474.49337,-3.050993967929367
21474.49338,-2.96904865757019
21474.493390000003,-3.526597981986034
21474.493400000003,-3.454729020428561
21474.493410000003,-4.025032766747406
21474.493420000003,-3.7967453019901893
21474.49343,-4.228827547780407
21474.49344,-3.9931627300367816
21474.49345,-4.603540116892898
21474.49346,-4.445392238892676
21474.49347,-4.8463091281371815
21474.49348,-4.577487382572397
21474.49349,-4.965359171392741
21474.4935,-5.058035394341334
21474.49351,-4.5585134534286995
21474.49352,-4.966542789686688
21474.493530000003,-4.722162422759485
21474.493540000003,-4.962237160899225
21474.493550000003,-4.870244674294035
21474.493560000003,-5.082307035962717
21474.49357,-4.576921536484484
21474.49358,-4.838131892890626
21474.49359,-4.3476999233184745
21474.4936,-4.608506633264277
21474.49361,-4.120401131265584
21474.49362,-4.358240479106337
21474.49363,-3.7578120584275037
21474.49364,-3.968825533368873
21474.49365,-3.6003549656588194
21474.49366,-3.611982375183133
21474.49367,-3.1933309325371217
21474.493680000003,-3.233016793657581
21474.493690000003,-2.543829635165575
21474.493700000003,-2.832405864313208
21474.49371,-1.993797659944401
21474.49372,-2.405485844843338
21474.49373,-1.5916034006282582
21474.49374,-1.785787517536193
21474.49375,-1.070118147807533
21474.49376,-1.2093534372813246
21474.49377,-0.3765506034317622
21474.49378,-0.6176148694685217
21474.49379,0.1823940005469997
21474.4938,0.20660919155071747
21474.49381,0.8019683470101059
21474.493820000003,0.5801676175203683
21474.493830000003,1.3528011992595304
21474.493840000003,1.1995246471873156
21474.493850000003,1.9894782943319858
21474.49386,1.7637445640939378
21474.49387,2.58967509725749
21474.49388,2.4207036257128696
21474.49389,3.1557236069469723
21474.4939,3.025077876026041
21474.49391,3.6495758363153694
21474.49392,3.3752011939721114
21474.49393,4.009543104382687
21474.49394,3.7881184311670206
21474.49395,4.483302697951919
21474.49396,4.17318877862384
21474.493970000003,4.837892811382266
21474.493980000003,4.460567075781148
21474.493990000003,4.963102336556246
21474.494,4.701326413534931
21474.49401,5.197845638858304
21474.49402,5.105751955722618
21474.49403,5.450702791915466
21474.49404,5.240394792678024
21474.49405,5.714150115668646
21474.49406,5.204933572724551
21474.49407,5.676867925487787
21474.49408,5.6457946632806655
21474.49409,5.2190624079983285
21474.4941,5.299806798200337
21474.494110000003,5.175610741796791
21474.494120000003,5.428609209192231
21474.494130000003,5.009020680955451
21474.494140000003,5.216630794041578
21474.49415,4.527170142736855
21474.49416,5.029778238339899
21474.49417,4.313814922637079
21474.49418,4.662984950596487
21474.49419,4.191437419220559
21474.4942,4.3741241699387325
21474.49421,3.814286273872929
21474.49422,4.018306350521579
21474.49423,3.18665896253304
21474.49424,3.457818293663303
21474.494250000003,2.8276293920320468
21474.494260000003,2.8302709399067263
21474.494270000003,2.202665097111458
21474.494280000003,2.367372715114655
21474.49429,1.562256771291184
21474.4943,1.7919215514069375
21474.49431,1.2096454849979095
21474.49432,1.1653787107535087
21474.49433,0.6032544528985185
21474.49434,0.6491885294692719
21474.49435,-0.30266106621248146
21474.49436,0.04262803977057015
21474.49437,-0.8048821036438135
21474.49438,-0.6041126454727712
21474.49439,-1.3701392822830074
21474.494400000003,-1.1696361253120158
21474.494410000003,-1.8116901620609986
21474.494420000003,-1.7165286964334778
21474.49443,-2.456424938449113
21474.49444,-2.200783256051749
21474.49445,-2.8656984099642004
21474.49446,-2.8447007917044753
21474.49447,-3.409729275912575
21474.49448,-3.1481183418966006
21474.49449,-3.821913205000147
21474.4945,-3.6382148878504696
21474.49451,-4.181949759727133
21474.49452,-4.107638838313292
21474.49453,-4.416753104418446
21474.494540000003,-4.137197060259634
21474.494550000003,-4.759265255916389
21474.494560000003,-4.8288058690825295
21474.494570000003,-4.459830306354124
21474.49458,-4.575066642295295
21474.49459,-5.066968812241848
21474.4946,-4.78019746835543
21474.49461,-5.1802546271008065
21474.49462,-5.0511251383924
21474.49463,-4.59834700612309
21474.49464,-4.989749652447406
21474.49465,-4.6320390022760005
21474.49466,-4.786335930702768
21474.49467,-4.403738451791424
21474.49468,-4.8222072360042345
21474.494690000003,-4.232060055779801
21474.494700000003,-4.325693412588399
21474.494710000003,-3.877620215667507
21474.49472,-4.3082682864887545
21474.49473,-3.5578296436427195
21474.49474,-3.779923916587627
21474.49475,-3.2544118066036103
21474.49476,-3.4158188120636055
21474.49477,-2.8857872833335088
21474.49478,-2.9351538267066175
21474.49479,-2.1700820539657575
21474.4948,-2.4124183605568645
21474.49481,-1.8105528181474957
21474.49482,-1.884473024193538
21474.494830000003,-1.2474406723391254
21474.494840000003,-1.4295950882735236
21474.494850000003,-0.619746949712176
21474.494860000003,-0.7927091496538554
21474.49487,-0.0320920401963027
21474.49488,-0.21330189867001786
21474.49489,0.5846147642540094
21474.4949,0.34194055535299755
21474.49491,1.1337133978234823
21474.49492,1.2283844991741915
21474.49493,1.8370847055351949
21474.49494,1.585984727645818
21474.49495,2.421091011152738
21474.49496,2.2206702211908724
21474.494970000003,2.816155700933126
21474.494980000003,2.685973652227164
21474.494990000003,3.4555194804377694
21474.495000000003,3.2265541997041507
21474.49501,3.78127927913021
21474.49502,3.6247301863202326
21474.49503,4.190197775908801
21474.49504,4.227370993635221
21474.49505,4.621453596824718
21474.49506,4.377666416693159
21474.49507,4.8080482739163815
21474.49508,4.749945169349132
21474.49509,5.136209496189957
21474.4951,4.957598352497903
21474.49511,5.414189027309125
21474.495120000003,5.332015503664615
21474.495130000003,5.2313333079803295
21474.495140000003,5.247920029731314
21474.49515,5.591642637130541
21474.49516,5.209695859322886
21474.49517,5.638952928865788
21474.49518,5.412892657694745
21474.49519,5.178695338542027
21474.4952,5.348368660928166
21474.49521,4.978771130484564
21474.49522,5.1920156407205384
21474.49523,4.822888400759993
21474.49524,5.120165499666454
21474.49525,4.347775288074683
21474.495260000003,4.802741298820123
21474.495270000003,4.224298818996214
21474.495280000003,4.508435824877194
21474.495290000003,3.7816699360562254
21474.4953,3.9622058069433
21474.49531,3.4067484559825463
21474.49532,3.55002080267115
21474.49533,2.943023095340689
21474.49534,2.927276828484679
21474.49535,2.3526887916399524
21474.49536,2.330571348827571
21474.49537,1.7942291148889784
21474.49538,1.9822604650313669
21474.49539,1.4454629031951025
21474.4954,1.400189822053307
21474.495410000003,0.8684961191657771
21474.495420000003,0.8212482269093945
21474.495430000003,-0.0759371019380218
21474.49544,0.20325986849485903
21474.49545,-0.5304196419462617
21474.49546,-0.4140569330545304
21474.49547,-1.1407847802965103
21474.49548,-1.0435448740270192
21474.49549,-1.5748479260038664
21474.4955,-1.573155384669767
21474.49551,-2.210224005430477
21474.49552,-2.0120575824380897
21474.49553,-2.8047894895709806
21474.49554,-2.681345497943404
21474.495550000003,-3.233695520066429
21474.495560000003,-2.8514586670821003
21474.495570000003,-3.569663651783142
21474.495580000003,-3.4054813858097055
21474.49559,-4.037753192830851
21474.4956,-3.7622143327267774
21474.49561,-4.4148747299501565
21474.49562,-4.148612662223502
21474.49563,-4.419231645076548
21474.49564,-4.50274986860639
21474.49565,-4.856406953265032
21474.49566,-4.5834685101570285
21474.49567,-5.0315915476181035
21474.49568,-4.7847384604319965
21474.495690000003,-4.959768890546472
21474.495700000003,-4.861807963525947
21474.495710000003,-5.202674402194113
21474.495720000003,-4.550173391867695
21474.49573,-5.1770323531546625
21474.49574,-4.542863499568182
21474.49575,-5.017763736721052
21474.49576,-4.773212871265868
21474.49577,-4.427344372542237
21474.49578,-4.571108743172647
21474.49579,-4.186214848239239
21474.4958,-4.37594269453476
21474.49581,-3.8620895024964375
21474.49582,-3.8950487222173744
21474.49583,-3.3543943533027
21474.495840000003,-3.6745829893160558
21474.495850000003,-3.008101712239724
21474.495860000003,-3.1863401247173044
21474.49587,-2.5160165894391757
21474.49588,-2.604680469754972
21474.49589,-1.6600096620761913
21474.4959,-2.0823280615998736
21474.49591,-1.4275390709309446
21474.49592,-1.5816197264012546
21474.49593,-0.743734507414636
21474.49594,-1.0234099643859587
21474.49595,-0.17458341264204633
21474.49596,-0.7253594802137941
21474.49597,0.39175504495264296
21474.495980000003,0.25191282040079965
21474.495990000003,1.0032971729556297
21474.496000000003,0.8118362041183064
21474.496010000003,1.7309851827211222
21474.49602,1.3658895446850499
21474.49603,2.217503716759922
21474.49604,1.9582109978790725
21474.49605,2.521435265649955
21474.49606,2.563915995375087
21474.49607,3.3034610652708882
21474.49608,2.9129558538534535
21474.49609,3.6217279981080366
21474.4961,3.4680695798100034
21474.49611,4.032684639570947
21474.49612,3.7303610845236035
21474.496130000003,4.521519738310449
21474.496140000003,4.208869934025918
21474.496150000003,4.811236249133066
21474.49616,4.58748433602441
21474.49617,5.031515028255325
21474.49618,4.722530277642799
21474.49619,5.164234513736476
21474.4962,5.082879156186513
21474.49621,5.4281161662875
21474.49622,5.205822244254181
21474.49623,5.458160404425214
21474.49624,5.599893126126432
21474.49625,5.2274031783365515
21474.49626,5.228966206524077
21474.496270000003,5.635036833112485
21474.496280000003,5.3767063657183565
21474.496290000003,4.977138572136884
21474.496300000003,5.458651998549291
21474.49631,4.958648967516397
21474.49632,5.175317800695505
21474.49633,4.511906799378217
21474.49634,4.8018013243502935
21474.49635,4.382482655932355
21474.49636,4.576194366960647
21474.49637,4.042055106382436
21474.49638,4.1826541510859325
21474.49639,3.6007469286463025
21474.4964,3.771928405782859
21474.496410000003,3.0127190340116208
21474.496420000003,3.1373209032808678
21474.496430000003,2.642372680462074
21474.496440000003,2.818612667007559
21474.49645,2.283145753433801
21474.49646,2.2523053562220383
21474.49647,1.6692158912843815
21474.49648,1.5594595370008961
21474.49649,0.8993636547586747
21474.4965,1.047724357006245
21474.49651,0.4079917455985284
21474.49652,0.49785210023568416
21474.49653,-0.3713995020160173
21474.49654,-0.058188488499266
21474.49655,-0.9792170170948317
21474.496560000003,-0.8146118379898942
21474.496570000003,-1.640727895995835
21474.496580000003,-1.3561553947598215
21474.49659,-1.9003216875619737
21474.4966,-1.804861348969097
21474.49661,-2.5813393828777693
21474.49662,-2.35794842540651
21474.49663,-3.0307476836130873
21474.49664,-2.722964137496972
21474.49665,-3.6530901994265097
21474.49666,-3.432039636011476
21474.49667,-3.717349921912954
21474.49668,-3.7754639851519918
21474.49669,-4.181535333636321
21474.496700000003,-4.111431682092177
21474.496710000003,-4.400469726890627
21474.496720000003,-4.372317522512639
21474.496730000003,-4.868253292826341
21474.49674,-4.545955730264606
21474.49675,-5.04386289216864
21474.49676,-4.987223890645894
21474.49677,-4.585641913238062
21474.49678,-4.74823905629582
21474.49679,-4.953236535217559
21474.4968,-4.801411448019524
21474.49681,-5.197013273159043
21474.49682,-5.017082064946536
21474.49683,-4.6383948360071745
21474.49684,-4.819893871748429
21474.496850000003,-4.336755318774601
21474.496860000003,-4.722920885443311
21474.496870000003,-4.217870106697367
21474.49688,-4.420569332239909
21474.49689,-3.7801833131675315
21474.4969,-4.2007961774624
21474.49691,-3.658393582499865
21474.49692,-3.688383227856259
21474.49693,-3.0516306524252435
21474.49694,-3.151376242541825
21474.49695,-2.790315413673347
21474.49696,-3.061833267007543
21474.49697,-2.086613766348731
21474.49698,-2.39220718645479
21474.496990000003,-1.6056329576806252
21474.497000000003,-1.8424106191615357
21474.497010000003,-1.0013566802691152
21474.497020000003,-1.2477867792947586
21474.49703,-0.40524910169519385
21474.49704,-0.8240540255591802
21474.49705,0.1937455001989954
21474.49706,0.04183037485634425
21474.49707,0.6037239490576873
21474.49708,0.6691999594491385
21474.49709,1.2044068226963436
21474.4971,1.1742897303490396
21474.49711,1.9982523307691389
21474.49712,1.6323026978480697
21474.497130000003,2.3397357219542303
21474.497140000003,2.2584563452301496
21474.497150000003,2.995967361503353
21474.497160000003,2.772383699608598
21474.49717,3.6377873862592582
21474.49718,3.3379015661813156
21474.49719,3.823304027774649
21474.4972,3.7404011072690553
21474.49721,4.394618699505925
21474.49722,4.209605853204243
21474.49723,4.609326339134298
21474.49724,4.493066481898687
21474.49725,4.910973661922519
21474.49726,4.894370923626478
21474.49727,5.182434859335955
21474.497280000003,4.9406176315692845
21474.497290000003,5.435770417114428
21474.497300000003,5.3035195182483905
21474.49731,5.22027495886057
21474.49732,5.270831049938157
21474.49733,5.645639648581833
21474.49734,5.122243532077711
21474.49735,5.533057666047398
21474.49736,5.286763379843344
21474.49737,5.600417972169826
21474.49738,5.406804931079623
21474.49739,4.910030217871896
21474.4974,5.275523935929161
21474.49741,4.67544883906724
21474.497420000003,4.992333797165927
21474.497430000003,4.413639138083889
21474.497440000003,4.5687327411476915
21474.497450000003,4.221981175598509
21474.49746,4.442777094711097
21474.49747,3.7972812642178533
21474.49748,3.769755888896697
21474.49749,3.365613955891993
21474.4975,3.381746422069754
21474.49751,2.813243956328189
21474.49752,2.976046826205272
21474.49753,2.279840367028438
21474.49754,2.331785540044382
21474.49755,1.603538736122607
21474.49756,1.9743277344483083
21474.497570000003,1.2089047111721374
21474.497580000003,1.1147046503476297
21474.497590000003,0.5112625335593558
21474.4976,0.7740691027771904
21474.49761,-0.008994701503844106
21474.49762,0.004219831538255212
21474.49763,-0.769548234080562
21474.49764,-0.49408920138838985
21474.49765,-1.1306756475585749
21474.49766,-0.9363170034866537
21474.49767,-1.9754458305485718
21474.49768,-1.5592414205158014
21474.49769,-2.376106119727935
21474.4977,-2.1490866880778943
21474.497710000003,-2.8096279121173215
21474.497720000003,-2.8030727692593844
21474.497730000003,-3.340923864636008
21474.497740000003,-3.1953738350725094
21474.49775,-3.8315119568541443
21474.49776,-3.6165975477623404
21474.49777,-4.232567204094364
21474.49778,-3.806216198849744
21474.49779,-4.463809164182565
21474.4978,-4.255501783144699
21474.49781,-4.832924089928862
21474.49782,-4.353763602027045
21474.49783,-4.979461716620726
21474.49784,-4.627825626746821
21474.497850000003,-5.101528297850076
21474.497860000003,-5.0166370319828175
21474.497870000003,-4.759133073573213
21474.497880000003,-5.02963205427472
21474.49789,-4.785333093166029
21474.4979,-4.9497482145610885
21474.49791,-4.63890343829869
21474.49792,-5.0246894414857515
21474.49793,-4.405259456966796
21474.49794,-4.761698803792631
21474.49795,-4.195922663478638
21474.49796,-4.5126112131745595
21474.49797,-4.017838770370607
21474.49798,-4.18140029774619
21474.49799,-3.6251822059562757
21474.498000000003,-3.8511485744067198
21474.498010000003,-3.3595067054802166
21474.498020000003,-3.3764694150825467
21474.49803,-2.8192663564087135
21474.49804,-2.966160726192823
21474.49805,-2.380711724991442
21474.49806,-2.3568095245066645
21474.49807,-1.7261427719504512
21474.49808,-1.9432738418883824
21474.49809,-1.122254180313406
21474.4981,-1.4410275544805746
21474.49811,-0.6113909416785969
21474.49812,-0.826912145072131
21474.49813,0.00012751982911615598
21474.498140000003,-0.16053988920531898
21474.498150000003,0.6381527838110199
21474.498160000003,0.3185519447411861
21474.498170000003,1.1871840024413376
21474.49818,0.8409994601946272
21474.49819,1.4787950180833944
21474.4982,1.5349587704677952
21474.49821,2.1770118194711516
21474.49822,2.043978014961383
21474.49823,2.822567512402496
21474.49824,2.607634219532841
21474.49825,3.2390891010846365
21474.49826,3.171853456272476
21474.49827,3.7345393731924927
21474.49828,3.610114310044942
21474.498290000003,4.225759216506729
21474.498300000003,4.0074280803392694
21474.498310000003,4.607898064249062
21474.49832,4.415870595144025
21474.49833,4.705000616102368
21474.49834,4.508734772649235
21474.49835,5.127264334764007
21474.49836,4.775241579988796
21474.49837,5.4396929939818115
21474.49838,5.235632232939383
21474.49839,5.42130375411243
21474.4984,5.434052767961571
21474.49841,5.206232465308909
21474.49842,5.23165603492413
21474.498430000003,5.570818001040507
21474.498440000003,5.580207845837464
21474.498450000003,5.249725962360447
21474.498460000003,5.2972729209317615
21474.49847,5.069641254685897
21474.49848,5.260046418240548
21474.49849,4.814239310416627
21474.4985,4.95959498601207
21474.49851,4.515207700861814
21474.49852,4.728152137249879
21474.49853,4.208615986393384
21474.49854,4.322382077114367
21474.49855,3.798178798053313
21474.49856,4.035214706636863
21474.498570000003,3.5402766933625966
21474.498580000003,3.513307055872279
21474.498590000003,3.06247933719905
21474.498600000003,2.9167305728552915
21474.49861,2.4188149940331187
21474.49862,2.6294393621336716
21474.49863,2.00673828682238
21474.49864,2.038912808371957
21474.49865,1.1621878257164586
21474.49866,1.3687727626151593
21474.49867,0.8144975790329144
21474.49868,1.0233526039439291
21474.49869,0.1931635911953608
21474.4987,0.440138203535101
21474.49871,-0.313604688929056
21474.498720000003,-0.46238648931865023
21474.498730000003,-0.9542039820190161
21474.498740000003,-0.7405263316939201
21474.49875,-1.559022454924289
21474.49876,-1.4532856660278561
21474.49877,-2.222237607206749
21474.49878,-1.9538167480705766
21474.49879,-2.8062410283112826
21474.4988,-2.6256967833175895
21474.49881,-3.126965449861963
21474.49882,-2.995618341258213
21474.49883,-3.6509546674689255
21474.49884,-3.4304457223025446
21474.49885,-3.985597039508492
21474.498860000003,-3.76307916042244
21474.498870000003,-4.368660231836319
21474.498880000003,-3.955980273749889
21474.498890000003,-4.602068415389421
21474.4989,-4.434989608365328
21474.49891,-4.786411378170319
21474.49892,-4.512654379413238
21474.49893,-5.195133258064297
21474.49894,-4.7685480597026535
21474.49895,-5.23632926097231
21474.49896,-4.803211414097625
21474.49897,-5.180280972047393
21474.49898,-4.798410523015248
21474.49899,-5.211202982474724
21474.499,-5.013533863698642
21474.499010000003,-4.529419760859124
21474.499020000003,-4.790115795556769
21474.499030000003,-4.411369213067412
21474.49904,-4.57538333238265
21474.49905,-4.289486195328588
21474.49906,-4.198670122486843
21474.49907,-3.7676370621256883
21474.49908,-4.051763371825982
21474.49909,-3.389054696479858
21474.4991,-3.646482387009583
21474.49911,-2.9702087089355778
21474.49912,-3.2195837860532226
21474.49913,-2.5904020103506533
21474.49914,-2.8089817505254415
21474.499150000003,-1.9655564578513245
21474.499160000003,-2.1359220596755657
21474.499170000003,-1.6223092236449728
21474.499180000003,-1.5388409975751038
21474.49919,-0.9350487491216042
21474.4992,-0.9279424748114263
21474.49921,-0.3125080747967674
21474.49922,-0.3638721164063844
21474.49923,0.22447207319068302
21474.49924,0.23990290015193033
21474.49925,0.9052483707069285
21474.49926,0.8591980565964176
21474.49927,1.5357345965326972
21474.49928,1.4090663405378447
21474.499290000003,1.955457478254361
21474.499300000003,1.7414723670252035
21474.499310000003,2.5822906187098487
21474.499320000003,2.4171488475485936
21474.49933,2.9883995207851486
21474.49934,2.961655210002882
21474.49935,3.6903777220219283
21474.49936,3.3752146852277662
21474.49937,4.03258614207039
21474.49938,3.7826714475828536
21474.49939,4.3864707160032514
21474.4994,4.151705812681031
21474.49941,4.928089333082969
21474.49942,4.613323318216002
21474.49943,4.869029048676999
21474.499440000003,4.83725817064851
21474.499450000003,5.265954709032936
21474.499460000003,5.060460916448996
21474.49947,5.436560125152224
21474.49948,5.143406744312593
21474.49949,5.616259855117212
21474.4995,5.546934547724295
21474.49951,5.152418481656615
21474.49952,5.236488846014447
21474.49953,5.644806279832995
21474.49954,5.3900363626382255
21474.49955,5.225347045967805
21474.49956,5.398118196575928
21474.49957,5.022098959471188
21474.499580000003,5.182021954065622
21474.499590000003,4.529393911872623
21474.499600000003,4.805965197785085
21474.499610000003,4.40823112119424
21474.49962,4.57794250562929
21474.49963,4.014793189989938
21474.49964,4.203471322310002
21474.49965,3.710753671869081
21474.49966,3.686692403488893
21474.49967,2.999254239697546
21474.49968,3.1436710803177457
21474.49969,2.8290649393353684
21474.4997,2.823402020412377
21474.49971,2.031729862631412
21474.49972,2.284520163744443
21474.499730000003,1.5675001253482685
21474.499740000003,1.875938993484117
21474.499750000003,1.0343022314455506
21474.49976,1.0800426719132477
21474.49977,0.43898145351481305
21474.49978,0.5881537437353747
21474.49979,-0.19611603987162443
21474.4998,-0.2026946725796444
21474.49981,-0.7272018139470596
21474.49982,-0.7496062540228838
21474.49983,-1.3499904091980375
21474.49984,-1.299961043172436
21474.49985,-1.9774062053474903
21474.49986,-1.748592361067607
21474.499870000003,-2.5734348303753514
21474.499880000003,-2.236857847570782
21474.499890000003,-3.078471912886095
21474.499900000003,-2.865335797138689
21474.49991,-3.580368678587489
21474.49992,-3.2763860919199628
21474.49993,-3.7604555140491014
21474.49994,-3.5522482398930952
21474.49995,-4.092873060783303
21474.49996,-3.9967500873245987
21474.49997,-4.649275722740852
21474.49998,-4.226143444929166
21474.49999,-4.716901081705154
21474.5,-4.415597933356552
21474.500010000003,-5.0418517016602165
21474.500020000003,-4.634647402109955
21474.500030000003,-5.0094664480563935
21474.500040000003,-5.04128634755226
21474.50005,-4.5616280225106465
21474.50006,-4.794624554933561
21474.50007,-5.150761171259829
21474.50008,-4.836368581294045
21474.50009,-4.9287062223815425
21474.5001,-5.083705426571406
21474.50011,-4.367267695759911
21474.50012,-4.839279585477151
21474.50013,-4.251967084763438
21474.50014,-4.41231856509933
21474.50015,-4.082554179192278
21474.500160000003,-4.181489991847223
21474.500170000003,-3.651954433640009
21474.500180000003,-3.811502589788436
21474.50019,-3.1335864003804947
21474.5002,-3.3951603148005756
21474.50021,-2.5926643329955175
21474.50022,-3.0256584793057146
21474.50023,-2.289565794243539
21474.50024,-2.4712970680206463
21474.50025,-1.6135504168522636
21474.50026,-1.9110154803506718
21474.50027,-1.2346831902784061
21474.50028,-1.206182218409739
21474.50029,-0.554319775364929
21474.500300000003,-0.8544360990082346
21474.500310000003,-0.05504131793567777
21474.500320000003,-0.2270853137029426
21474.500330000003,0.5865881778147469
21474.50034,0.5817207112565497
21474.50035,1.2393555186917313
21474.50036,1.3040347852282035
21474.50037,1.8251622959717289
21474.50038,1.517323607316326
21474.50039,2.4619610747958065
21474.5004,2.2443801821373754
21474.50041,3.0076768068612556
21474.50042,2.7220916656836094
21474.50043,3.3840927189175205
21474.50044,3.294886033932749
21474.500450000003,3.8359329823062853
21474.500460000003,3.870519542521053
21474.500470000003,4.219259373070276
21474.50048,4.27397612620394
21474.50049,4.539710561726977
21474.5005,4.4211588772598835
21474.50051,5.039945884778241
21474.50052,4.873615509611111
21474.50053,5.204177960485769
21474.50054,4.929417258191522
21474.50055,5.447736936970155
21474.50056,5.219895615569429
21474.50057,5.65253560599125
21474.50058,5.167876049092789
21474.500590000003,5.524052616660492
21474.500600000003,5.6568349461094325
21474.500610000003,5.225135736509502
21474.500620000003,5.438606036797276
21474.50063,5.266422190209385
21474.50064,5.423890523915077
21474.50065,5.098601239186655
21474.50066,5.292727630507326
21474.50067,4.7780341369182
21474.50068,4.93172259689905
21474.50069,4.345600226590442
21474.5007,4.610174704171951
21474.50071,4.228556483092909
21474.50072,4.434507213824092
21474.500730000003,3.7525372945060087
21474.500740000003,3.9973501102247844
21474.500750000003,3.419626635942291
21474.500760000003,3.6304544186063143
21474.50077,2.9218326287810124
21474.50078,3.105708008400451
21474.50079,2.3546016313704428
21474.5008,2.5530804693254314
21474.50081,1.8112509373072416
21474.50082,2.077132160724904
21474.50083,1.1939728044815925
21474.50084,1.4216013496904256
21474.50085,0.5639181487738676
21474.50086,0.731621423312162
21474.50087,0.02022808168519391
21474.500880000003,0.1668421011239306
21474.500890000003,-0.6658048952842129
21474.500900000003,-0.5640057238009277
21474.50091,-1.2242166523897344
21474.50092,-1.1488156527475377
21474.50093,-1.8275910870046759
21474.50094,-1.6775797610530976
21474.50095,-2.282831460469817
21474.50096,-2.172455354992336
21474.50097,-2.7767155412902356
21474.50098,-2.5886749761268293
21474.50099,-3.241699288309202
21474.501,-3.2804099007213923
21474.50101,-3.6179806580257603
21474.501020000003,-3.587100039630246
21474.501030000003,-4.074312392876645
21474.501040000003,-3.7371347340130106
21474.501050000003,-4.392145091273301
21474.50106,-4.134116417573835
21474.50107,-4.588126734464599
21474.50108,-4.402597086855103
21474.50109,-4.805060034942832
21474.5011,-4.634471848088654
21474.50111,-4.978795919987443
21474.50112,-4.6546952320794155
21474.50113,-5.058387032358841
21474.50114,-4.9918025146022575
21474.50115,-4.706046505716481
21474.50116,-5.023075102003722
21474.501170000003,-4.62168719479393
21474.501180000003,-5.032973378160495
21474.501190000003,-4.638701893501098
21474.5012,-4.757888482616008
21474.50121,-4.37636214395382
21474.50122,-4.595453317230686
21474.50123,-4.047872309229421
21474.50124,-4.137350398649597
21474.50125,-3.8184697900875744
21474.50126,-3.7045065363054825
21474.50127,-3.5193112280886263
21474.50128,-3.5029255719733188
21474.50129,-2.8651272046115843
21474.5013,-2.9121050681701965
21474.501310000003,-2.4397231926689185
21474.501320000003,-2.623518216658309
21474.501330000003,-1.8637516934041776
21474.501340000003,-2.1375748485417616
21474.50135,-1.4934760563273064
21474.50136,-1.5659003052790132
21474.50137,-0.7771441314689317
21474.50138,-1.0261025927842913
21474.50139,-0.1406153290567992
21474.5014,-0.4332755214113099
21474.50141,0.3487141829460796
21474.50142,0.20161169976090468
21474.50143,0.9494445735675465
21474.50144,0.7364758155145407
21474.501450000003,1.50446314855276
21474.501460000003,1.3461011610886728
21474.501470000003,2.342933507640633
21474.501480000003,2.0066040872829407
21474.50149,2.780905072305518
21474.5015,2.541073163525907
21474.50151,3.3982830655771328
21474.50152,3.159824572439205
21474.50153,3.6806584777405544
21474.50154,3.626660202192093
21474.50155,4.136304387456617
21474.50156,4.037369112668423
21474.50157,4.484149668580168
21474.50158,4.387743654481708
21474.50159,4.809429889832671
21474.501600000003,4.625017885019492
21474.501610000003,5.193475787320176
21474.501620000003,5.016230694327321
21474.50163,5.465132089990864
21474.50164,5.490759045958372
21474.50165,5.115123416782782
21474.50166,5.307915489329442
21474.50167,5.201314326257789
21474.50168,5.5224666066841674
21474.50169,5.160047011852216
21474.5017,5.404200095157401
21474.50171,5.267296844183523
21474.50172,5.390937449559321
21474.50173,5.0199499650770045
21474.501740000003,5.453769587282909
21474.501750000003,4.7757658608937055
21474.501760000003,5.053410572532137
21474.501770000003,4.565727869867494
21474.50178,4.814511753834378
21474.50179,4.490524567994511
21474.5018,4.394471961798897
21474.50181,3.9124330664796303
21474.50182,3.997584813760229
21474.50183,3.560779031010703
21474.50184,3.528468051809646
21474.50185,3.000045397103278
21474.50186,3.1736102185474073
21474.50187,2.62288738241594
21474.50188,2.7254487434802246
21474.501890000003,2.0727372410142935
21474.501900000003,2.0191392824818872
21474.501910000003,1.2989577214827486
21474.50192,1.6670599942511537
21474.50193,0.777872327241666
21474.50194,0.9318116709780752
21474.50195,0.1301784037072879
21474.50196,0.3596023511457583
21474.50197,-0.39259367650106414
21474.50198,-0.31489977837007477
21474.50199,-1.0109370375984341
21474.502,-0.8824097863929319
21474.50201,-1.6457983510888428
21474.50202,-1.3623208148376729
21474.502030000003,-2.3331711801551247
21474.502040000003,-1.9648730672786674
21474.502050000003,-2.5775174143911124
21474.502060000003,-2.3861178594230408
21474.50207,-3.162533784772408
21474.50208,-2.973818022210838
21474.50209,-3.571534479996929
21474.5021,-3.4246180209472508
21474.50211,-4.050703976338437
21474.50212,-3.782229758808075
21474.50213,-4.243971215173153
21474.50214,-4.246024827529503
21474.50215,-4.56531128479143
21474.50216,-4.398775861957762
21474.502170000003,-4.78116283442778
21474.502180000003,-4.590561646519178
21474.502190000003,-4.972038008189525
21474.502200000003,-4.705899207308643
21474.50221,-5.202713565484407
21474.50222,-4.778470061533068
21474.50223,-5.233636637493948
21474.50224,-5.007117902829565
21474.50225,-4.772030696057244
21474.50226,-5.001061687842501
21474.50227,-4.638173308010892
21474.50228,-4.817067811889217
21474.50229,-4.496209336389732
21474.5023,-4.638694562722415
21474.50231,-4.206619333666244
21474.502320000003,-4.43715806510598
21474.502330000003,-3.8307998518980377
21474.502340000003,-3.962404997790483
21474.50235,-3.6760856131111295
21474.50236,-3.588646823707189
21474.50237,-3.036985133973306
21474.50238,-3.1598686853004807
21474.50239,-2.6589107641021523
21474.5024,-2.6699283799346767
21474.50241,-2.012457761042147
21474.50242,-2.1485556147203213
21474.50243,-1.7521472100433193
21474.50244,-1.7656865263012347
21474.50245,-1.0314016540913282
21474.502460000003,-1.1462981982744815
21474.502470000003,-0.38907231884537885
21474.502480000003,-0.6464162052284558
21474.502490000003,0.17566057778535893
21474.5025,0.039732628716567006
21474.50251,0.7785086713892437
21474.50252,0.5408933139777965
21474.50253,1.431221495883195
21474.50254,1.1914114299520822
21474.50255,1.8971548967804381
21474.50256,1.7019370054598126
21474.50257,2.6838482186331793
21474.50258,2.3360265387054664
21474.50259,3.001288620117301
21474.5026,3.0351487302296034
21474.502610000003,3.6813111770294675
21474.502620000003,3.491017260300757
21474.502630000003,3.9255785429241947
21474.50264,3.7552721989640654
21474.50265,4.460060392200396
21474.50266,4.1537702197375515
21474.50267,4.642347690385104
21474.50268,4.639081451189578
21474.50269,4.949077628696174
21474.5027,4.809355236608415
21474.50271,5.199882891914461
21474.50272,4.900221704790513
21474.50273,5.42561442461388
21474.50274,5.467495736641687
21474.502750000003,5.227335301282544
21474.502760000003,5.349895133968408
21474.502770000003,5.207491747212778
21474.502780000003,5.367792852729149
21474.50279,5.098732437823714
21474.5028,5.354066406419064
21474.50281,5.24175238529741
21474.50282,5.42159803841323
21474.50283,5.078196328022293
21474.50284,5.233687309859428
21474.50285,4.53926398112873
21474.50286,4.873130759333202
21474.50287,4.468910489833914
21474.50288,4.580244153541546
21474.502890000003,4.052279065799373
21474.502900000003,4.158760277070964
21474.502910000003,3.635482936397601
21474.502920000003,3.729835923185906
21474.50293,3.157089157417088
21474.50294,3.3266030300744682
21474.50295,2.7525264463600205
21474.50296,2.951922654517324
21474.50297,2.1933416359959743
21474.50298,2.3736260856980076
21474.50299,1.6248868462076258
21474.503,2.0170051160770215
21474.50301,1.126563029778036
21474.50302,1.1864835500857813
21474.50303,0.39212388379973206
21474.503040000003,0.6674062268961463
21474.503050000003,-0.18689267637065232
21474.503060000003,0.14525157989433823
21474.50307,-0.7979371858545383
21474.50308,-0.5439722972649835
21474.50309,-1.4369355259376153
21474.5031,-1.1441094595374295
21474.50311,-2.0043400211461124
21474.50312,-1.801579383671893
21474.50313,-2.3376246040270434
21474.50314,-2.3534510284787764
21474.50315,-2.9755685689701363
21474.50316,-2.799023074628588
21474.50317,-3.3777911673774152
21474.503180000003,-3.229404168973745
21474.503190000003,-3.811335387570678
21474.503200000003,-3.568434541701385
21474.503210000003,-4.15540485348504
21474.50322,-4.079958510005668
21474.50323,-4.387335810589081
21474.50324,-4.444074995867393
21474.50325,-4.809674765354023
21474.50326,-4.488454589005116
21474.50327,-5.025869250737956
21474.50328,-4.577522376902159
21474.50329,-4.9688025082368625
21474.5033,-5.164434492938626
21474.50331,-4.592367871930947
21474.50332,-4.785193197607385
21474.503330000003,-4.9491836303147725
21474.503340000003,-5.045930240236237
21474.503350000003,-4.672458809781677
21474.50336,-4.934183917840356
21474.50337,-4.423338919023467
21474.50338,-4.774376604783802
21474.50339,-4.206253010910345
21474.5034,-4.6333404419752
21474.50341,-3.994077177339501
21474.50342,-4.143275777671739
21474.50343,-3.566042632090703
21474.50344,-3.8084433856470947
21474.50345,-3.2136000580703
21474.50346,-3.4627102639252385
21474.503470000003,-2.68004868570709
21474.503480000003,-2.9511085678098787
21474.503490000003,-2.101771283736208
21474.503500000003,-2.333016886874011
21474.50351,-1.840105367960434
21474.50352,-2.003853597425393
21474.50353,-1.1777072584136903
21474.50354,-1.3672303003757214
21474.50355,-0.6998795168297285
21474.50356,-0.7229339493214306
21474.50357,0.0544896606803963
21474.50358,-0.1985966613354197
21474.50359,0.5897767433421341
21474.5036,0.3449372980260849
21474.503610000003,1.2312850202569554
21474.503620000003,0.9795808764546411
21474.503630000003,1.7456326730602734
21474.503640000003,1.6172571712209203
21474.50365,2.3811139159444394
21474.50366,2.158684604020594
21474.50367,2.8404558961076205
21474.50368,2.9046000303592265
21474.50369,3.3977354704403893
21474.5037,3.158808352660998
21474.50371,3.873305997895016
21474.50372,3.8286196188462362
21474.50373,4.226919428916622
21474.50374,4.219706589668658
21474.50375,4.695964379089961
21474.503760000003,4.462241839263887
21474.503770000003,4.967054000293924
21474.503780000003,4.5833397036308545
21474.50379,5.256638891756749
21474.5038,5.047456009739558
21474.50381,5.452111275189407
21474.50382,5.224495935287699
21474.50383,5.605490863630345
21474.50384,5.157691172986998
21474.50385,5.655834456557065
21474.50386,5.60493268099011
21474.50387,5.198011558127057
21474.50388,5.125331076390002
21474.50389,5.506959260648044
21474.503900000003,5.425786825788468
21474.503910000003,4.994994297401901
21474.503920000003,5.168367710108325
21474.503930000003,4.775020123980942
21474.50394,5.06187797317022
21474.50395,4.553218995657351
21474.50396,4.843820152638227
21474.50397,4.149118137062016
21474.50398,4.427685803143269
21474.50399,3.7678071468864966
