time_s,voltage_V
107.3724,-3.1636427554486057
107.37240005,-2.7608172361528776
107.3724001,-3.2011413681958674
107.37240015,-2.932526379709767
107.3724002,-2.7796428478644524
107.37240025,-2.1613912934004524
107.3724003,-2.330734055981316
107.37240035,-2.126197958499755
107.3724004,-2.0405709971129133
107.37240045,-1.3512139732014834
107.3724005,-1.6605815248073217
107.37240055,-1.0323026202793506
107.3724006,-1.0690078943284886
107.37240065,-0.3376535416840981
107.3724007,-0.5508982165114175
107.37240075,0.28266277408076956
107.3724008,0.011122847190078743
107.37240085,0.5512049825199687
107.3724009,0.6202657909210201
107.37240095,1.2661790545048792
107.372401,1.1962335844486898
107.37240105,1.759387813673011
107.3724011,1.5135236438931603
107.37240115,2.1921577404411536
107.3724012,2.0454170294161416
107.37240125,2.5482306524901
107.3724013,2.5102541759059864
107.37240135,3.1293525588913598
107.3724014,3.067296656518783
107.37240145,3.6139487530362238
107.3724015,3.349206875416261
107.37240155,3.801240238326477
107.3724016,3.5498121199799435
107.37240165,4.191489030234633
107.3724017,3.771435636891319
107.37240175,4.4467064112644845
107.3724018,4.09971700936158
107.37240185,4.459622572194441
107.3724019,4.312993466701266
107.37240195,4.59253347473537
107.372402,4.57575713024774
107.37240205,4.186381277578206
107.3724021,4.609542356052258
107.37240215,4.231884692740862
107.3724022,4.186502577198647
107.37240225,4.395585485900285
107.3724023,4.339524629462051
107.37240235,3.98985888700715
107.3724024,4.208327480124358
107.37240245,3.7580867452701843
107.3724025,3.8758889079896446
107.37240255,3.567650838578705
107.3724026,3.5801315707598365
107.37240265,3.088924432153434
107.3724027,3.456803997699985
107.37240275,2.82197370711491
107.3724028,2.9249472861744974
107.37240285,2.3619404953941077
107.3724029,2.643682452034588
107.37240295,1.8266003725827202
107.372403,2.048882032538972
107.37240305,1.4950159841452764
107.3724031,1.5309557676071008
107.37240315,0.8085059256597693
107.3724032,1.0749586399005597
107.37240325,0.23951811665376277
107.3724033,0.2921667523978382
107.37240335,-0.42860610682202144
107.3724034,-0.2784721590284797
107.37240345,-0.75357604285754
107.3724035,-0.5899017362413772
107.37240355,-1.2015411779364447
107.3724036,-1.1416615437917346
107.37240365,-1.744255851661531
107.3724037,-1.5637271204321523
107.37240375,-2.1873100795812648
107.3724038,-2.0589727950932404
107.37240385,-2.8884974526876346
107.3724039,-2.5302035249196613
107.37240395,-3.044801887153094
107.372404,-2.8295686051847326
107.37240405,-3.293240999661887
107.3724041,-3.287884219344238
107.37240415,-3.5648862814124005
107.3724042,-3.3488461486636085
107.37240425,-4.005019614087267
107.3724043,-3.5472798141824566
107.37240435,-3.9132245879098013
107.3724044,-3.745991082633136
107.37240445,-4.226119614987251
107.3724045,-4.245955739975545
107.37240455,-3.783763674629279
107.3724046,-4.224089194045424
107.37240465,-3.756585652469903
107.3724047,-4.183736476580426
107.37240475,-3.809972813108374
107.3724048,-3.6461918031267064
107.37240485,-4.030727245034243
107.3724049,-3.7768726212627777
107.37240495,-3.4501941383187607
107.372405,-3.534173596213463
107.37240505,-3.0405699665935813
107.3724051,-3.283199123492745
107.37240515,-2.5297620962952765
107.3724052,-2.7142857575711554
107.37240525,-2.246694516226894
107.3724053,-2.3456663891321234
107.37240535,-1.926326424313441
107.3724054,-1.953767008923232
107.37240545,-1.4005011655621242
107.3724055,-1.6158501966911496
107.37240555,-0.8178839723475002
107.3724056,-1.0876380291608312
107.37240565,-0.33590745765677976
107.3724057,-0.5745825306836518
107.37240575,0.024739033744719807
107.3724058,0.035032886765242806
107.37240585,0.7810804068992384
107.3724059,0.5505957080622772
107.37240595,1.2789631233395127
107.372406,1.2366978063115435
107.37240605,1.7445877659151783
107.3724061,1.6657239310638334
107.37240615,2.202705798161969
107.3724062,2.0358466816795264
107.37240625,2.626386055499553
107.3724063,2.606776290721631
107.37240635,3.1743020481577457
107.3724064,2.962264819064119
107.37240645,3.4272436669141224
107.3724065,3.37264226070732
107.37240655,3.9145127089966176
107.3724066,3.626402760786945
107.37240665,4.197958999349602
107.3724067,3.752997416324639
107.37240675,4.283382638837575
107.3724068,4.567383953980527
107.37240685,4.046338932858761
107.3724069,4.189633552037321
107.37240695,4.596323293629668
107.372407,4.5889059253820585
107.37240705,4.166241539409153
107.3724071,4.88789703495147
107.37240715,4.189630733508608
107.3724072,4.379159980542574
107.37240725,4.223390995905673
107.3724073,4.397516968434914
107.37240735,3.9417255415631156
107.3724074,4.280234330052688
107.37240745,3.8686599411131
107.3724075,4.00803465836155
107.37240755,3.523776800721502
107.3724076,3.7099087586100867
107.37240765,3.247242306980835
107.3724077,3.112328152957878
107.37240775,2.7458253113744435
107.3724078,2.98565642143231
107.37240785,2.23916845039269
107.3724079,2.314437335090069
107.37240795,1.8225283393611198
107.372408,2.073349410059702
107.37240805,1.4421663229247303
107.3724081,1.3472501633985703
107.37240815,0.7995026901692696
107.3724082,1.0082679990474195
107.37240825,0.22814806048993733
107.3724083,0.412642785399421
107.37240835,-0.4030275994561978
107.3724084,-0.17438705721898504
107.37240845,-0.9791988797701223
107.3724085,-0.5994124547921619
107.37240855,-1.2012387858150908
107.3724086,-1.2327678077032622
107.37240865,-1.7929665023227834
107.3724087,-1.6366912993797977
107.37240875,-2.365168636705522
107.3724088,-2.187106311609075
107.37240885,-2.6319129009939015
107.3724089,-2.603146560371522
107.37240895,-3.1265065402688723
107.372409,-2.8181803772803717
107.37240905,-3.4296228559147184
107.3724091,-3.204089276382475
107.37240915,-3.869162626415428
107.3724092,-3.3444335551485094
107.37240925,-3.78037661371721
107.3724093,-3.9697977162043614
107.37240935,-3.6076472000365114
107.3724094,-3.7092344060438505
107.37240945,-4.190018353326847
107.3724095,-4.253235260854938
107.37240955,-3.6598027521484435
107.3724096,-4.275396952429437
107.37240965,-3.7348855213186343
107.3724097,-3.793040019255659
107.37240975,-4.2576080685001525
107.3724098,-4.016835944391697
107.37240985,-3.627701201086177
107.3724099,-3.8085673770691457
107.37240995,-3.4023394145067094
107.37241,-3.6837632633718953
107.37241005,-3.1250933647123467
107.3724101,-3.2322756743174033
107.37241015,-2.8433699894701223
107.3724102,-2.9309745513391867
107.37241025,-2.181468010281342
107.3724103,-2.5812338556365426
107.37241035,-2.062877284971635
107.3724104,-2.2310062593174464
107.37241045,-1.4135925852796112
107.3724105,-1.6713097905141967
107.37241055,-0.9455437537459652
107.3724106,-1.2389965956804705
107.37241065,-0.1843415610262982
107.3724107,-0.5942739576416606
107.37241075,0.2677225787271979
107.3724108,0.02061644530148985
107.37241085,0.8132886174052385
107.3724109,0.54927433023403
107.37241095,1.1029794783472335
107.372411,1.177413553527717
107.37241105,1.960124872302866
107.3724111,1.6700721061451098
107.37241115,2.1699156081204634
107.3724112,2.0130391354273645
107.37241125,2.8179303575853796
107.3724113,2.575088953452291
107.37241135,3.266805848782338
107.3724114,2.9301007971325186
107.37241145,3.5774936715522947
107.3724115,3.442602031779209
107.37241155,3.8396339024680888
107.3724116,3.5586831883041827
107.37241165,3.9352070980811265
107.3724117,3.845100623847015
107.37241175,4.148873495731948
107.3724118,4.014564575674294
107.37241185,4.287717077453452
107.3724119,4.131659893434795
107.37241195,4.656806094895741
107.372412,4.3956228868587885
107.37241205,4.6286743841809255
107.3724121,4.23826740835652
107.37241215,4.49492658067103
107.3724122,4.643211457833118
107.37241225,3.9409532112098473
107.3724123,4.344258345077708
107.37241235,3.965262481733688
107.3724124,4.176383803066184
107.37241245,3.740017289004663
107.3724125,3.968770606385005
107.37241255,3.630422658086485
107.3724126,3.7685897053910082
107.37241265,3.184774610189686
107.3724127,3.372012983175559
107.37241275,2.8242120004777584
107.3724128,2.9560782029027624
107.37241285,2.4338437096303167
107.3724129,2.5364844814951537
107.37241295,1.7870229822874664
107.372413,2.0113135701281153
107.37241305,1.247225799178653
107.3724131,1.3947614613103507
107.37241315,0.8606266288392244
107.3724132,0.9125592664464058
107.37241325,0.13252534701592522
107.3724133,0.44273022698348524
107.37241335,-0.17768617514846402
107.3724134,-0.16298790834508553
107.37241345,-0.7202445600051438
107.3724135,-0.6042457478678162
107.37241355,-1.377967494612955
107.3724136,-1.1764892143930075
107.37241365,-1.9567046130704566
107.3724137,-1.603951181726799
107.37241375,-2.1656859954715104
107.3724138,-1.9937330422578687
107.37241385,-2.7924778766997123
107.3724139,-2.5625422024984985
107.37241395,-3.183761399961292
107.372414,-3.0187013329140178
107.37241405,-3.3807170699620444
107.3724141,-3.177683920153897
107.37241415,-3.596809954661293
107.3724142,-3.411469559011432
107.37241425,-3.7591203969943416
107.3724143,-3.5798090178950863
107.37241435,-4.061027776635415
107.3724144,-3.831450263425787
107.37241445,-4.079312015727792
107.3724145,-4.208067366386365
107.37241455,-3.83286398683083
107.3724146,-4.078727070811005
107.37241465,-3.859118534167803
107.3724147,-3.792818483323037
107.37241475,-4.157100508442713
107.3724148,-3.9621982724662415
107.37241485,-3.650043927814097
107.3724149,-3.7102636424324578
107.37241495,-3.4718896720424643
107.372415,-3.5841080787040855
107.37241505,-2.951496611517554
107.3724151,-3.268058277805765
107.37241515,-2.646085640327471
107.3724152,-2.9165803609494807
107.37241525,-2.3021039838776485
107.3724153,-2.3541301591409947
107.37241535,-1.8271460784841536
107.3724154,-1.9922416330377486
107.37241545,-1.381048927765098
107.3724155,-1.5497949494899952
107.37241555,-0.7423353828719841
107.3724156,-0.9541397792602792
107.37241565,-0.48410576610818257
107.3724157,-0.45932804666562105
107.37241575,0.24711380824115037
107.3724158,-0.006798339810875069
107.37241585,0.8306650326037927
107.3724159,0.5837865468653796
107.37241595,1.3313940419670496
107.372416,1.1209105910541468
107.37241605,1.7672020717898078
107.3724161,1.5333988694842644
107.37241615,2.269866040944849
107.3724162,2.0864813457018188
107.37241625,2.62631005483364
107.3724163,2.582202937697643
107.37241635,3.2174139086578184
107.3724164,3.0690978494481502
107.37241645,3.6158320921428477
107.3724165,3.3779153027307935
107.37241655,3.844410009727921
107.3724166,3.5715010436023924
107.37241665,3.9695180047955967
107.3724167,3.787764462188728
107.37241675,4.507778960642846
107.3724168,4.377099528242785
107.37241685,4.106394049170347
107.3724169,4.237526997025157
107.37241695,4.6519794649336825
107.372417,4.642079855497338
107.37241705,4.192965310910567
107.3724171,4.581007687600561
107.37241715,4.2176425425142705
107.3724172,4.164428163221511
107.37241725,4.573872243457901
107.3724173,4.413154999811883
107.37241735,3.9958108846567937
107.3724174,4.4153082356865125
107.37241745,3.8276166842986004
107.3724175,4.077644371224905
107.37241755,3.62863477109128
107.3724176,3.8724054651117203
107.37241765,3.2104356548737645
107.3724177,3.1574863008936487
107.37241775,2.608712889544393
107.3724178,2.9723199405163565
107.37241785,2.1891471925631554
107.3724179,2.3795443493519275
107.37241795,1.8159418763380344
107.372418,2.0836032083997265
107.37241805,1.2930510282488548
107.3724181,1.4582716489468643
107.37241815,0.7487691929696484
107.3724182,1.024170129969075
107.37241825,0.1847671645741842
107.3724183,0.4254918878065458
107.37241835,-0.18881038166924669
107.3724184,-0.1716065932715632
107.37241845,-0.8739147709747349
107.3724185,-0.5924717484036539
107.37241855,-1.1828347318567125
107.3724186,-1.0770713784460026
107.37241865,-2.100521279075464
107.3724187,-1.5317011964818414
107.37241875,-2.321551164552397
107.3724188,-1.8949463080256757
107.37241885,-2.6077679079380274
107.3724189,-2.5966248140103447
107.37241895,-2.9544825158793944
107.372419,-2.771634896210376
107.37241905,-3.4335410797041415
107.3724191,-3.170318950151264
107.37241915,-3.7239413781646973
107.3724192,-3.7187419209233377
107.37241925,-3.4649455141326366
107.3724193,-3.5829761035124768
107.37241935,-4.080759522859209
107.3724194,-3.730024083439384
107.37241945,-4.136833192325975
107.3724195,-3.8840855594294204
107.37241955,-4.160048904844869
107.3724196,-3.8167862645097657
107.37241965,-4.149381866659018
107.3724197,-4.167140477307225
107.37241975,-3.5774943792019727
107.3724198,-3.9293869600748565
107.37241985,-3.6057759299312373
107.3724199,-3.7727365553131955
107.37241995,-3.434869577049413
107.37242,-3.648591779686054
107.37242005,-3.043456563777806
107.3724201,-3.494945088307116
107.37242015,-2.8665899823506225
107.3724202,-2.800905308634339
107.37242025,-2.130611230670051
107.3724203,-2.648851771740803
107.37242035,-1.917542594515893
107.3724204,-1.9687550337366542
107.37242045,-1.4010038372528915
107.3724205,-1.530397792837309
107.37242055,-0.8986814816894444
107.3724206,-1.0142706235890213
107.37242065,-0.32030533819163515
107.3724207,-0.7490008596068263
107.37242075,0.2262119930442512
107.3724208,-0.011645128752211149
107.37242085,0.7069689275976436
107.3724209,0.6189404572276406
107.37242095,1.1885972961860036
107.372421,1.1105338525593085
107.37242105,1.7405641528729159
107.3724211,1.6855690563491503
107.37242115,2.153745483212805
107.3724212,2.224821028509562
107.37242125,2.77749234747172
107.3724213,2.5663996848153188
107.37242135,3.3054393563201203
107.3724214,3.026686060706935
107.37242145,3.6121597577112863
107.3724215,3.188288754934575
107.37242155,3.674861734427429
107.3724216,3.7930180403213685
107.37242165,4.061295903765835
107.3724217,4.027493143191231
107.37242175,4.435172874743382
107.3724218,4.446762827748416
107.37242185,3.954832342996549
107.3724219,4.1916166634430825
107.37242195,4.556232033467361
107.372422,4.208809704665648
107.37242205,4.575736745038004
107.3724221,4.590909122241456
107.37242215,4.161935170566119
107.3724222,4.394217517025046
107.37242225,4.031712470179285
107.3724223,4.374669790063996
107.37242235,4.057666686943633
107.3724224,4.207906199290351
107.37242245,3.7826652212414342
107.3724225,3.8593265467070985
107.37242255,3.443856130940522
107.3724226,3.7909524121417366
107.37242265,3.1337742582324597
107.3724227,3.270105805519506
107.37242275,2.810647228007638
107.3724228,3.025730529318153
107.37242285,2.1900600663242735
107.3724229,2.4204541217392967
107.37242295,1.8142333625828748
107.372423,1.8928361360242405
107.37242305,1.4384564736684815
107.3724231,1.628150261301512
107.37242315,0.8717702812233886
107.3724232,1.018987853695588
107.37242325,0.3029390962494163
107.3724233,0.32692437756967163
107.37242335,-0.4342245468481557
107.3724234,-0.200701500579379
107.37242345,-1.0751853380579062
107.3724235,-0.8179234092315358
107.37242355,-1.3370237853273363
107.3724236,-1.2588439827115878
107.37242365,-1.6813696531243658
107.3724237,-1.6279863569341415
107.37242375,-2.2455760897171775
107.3724238,-2.2707477330357024
107.37242385,-2.828849982509336
107.3724239,-2.666210113048291
107.37242395,-2.990101276944133
107.372424,-3.0709115892934116
107.37242405,-3.435161647735743
107.3724241,-3.2775652593605007
107.37242415,-3.841546478136635
107.3724242,-3.4149790706484557
107.37242425,-4.052882754800102
107.3724243,-3.6243918275744256
107.37242435,-3.9549215921505234
107.3724244,-3.7905765956828175
107.37242445,-4.252106140743588
107.3724245,-3.7208433044908653
107.37242455,-4.3029264909802745
107.3724246,-3.849488729524178
107.37242465,-4.170919145715418
107.3724247,-3.975711161746732
107.37242475,-3.603767182917306
107.3724248,-3.977941418175523
107.37242485,-3.3516239920269415
107.3724249,-3.914727755008863
107.37242495,-3.446457341032186
107.372425,-3.653571896305077
107.37242505,-3.0095861799494306
107.3724251,-3.123602259762956
107.37242515,-2.656981570431791
107.3724252,-2.968975988589349
107.37242525,-2.1938697877820497
107.3724253,-2.3730752527117476
107.37242535,-1.7673246195680126
107.3724254,-2.019506449307752
107.37242545,-1.4684794152699878
107.3724255,-1.6260782430471563
107.37242555,-1.0060594424897205
107.3724256,-0.9913682470236715
107.37242565,-0.4883518424385882
107.3724257,-0.6024892954717044
107.37242575,0.22727678528638406
107.3724258,-0.037193150337381235
107.37242585,0.8101852012788681
107.3724259,0.5875615541931833
107.37242595,1.127912295738306
107.372426,1.3028650492270086
107.37242605,1.9017591164731256
107.3724261,1.6054499784025498
107.37242615,2.2429365632172242
107.3724262,2.09329245441604
107.37242625,2.7814739504979813
107.3724263,2.6499908804427457
107.37242635,3.2577845449873997
107.3724264,3.0705157323571814
107.37242645,3.5876266187639536
107.3724265,3.427009430940191
107.37242655,3.8516006425742626
107.3724266,3.608393372662899
107.37242665,4.040370705105448
107.3724267,3.7342714016391185
107.37242675,4.3147957678591995
107.3724268,4.240525608396672
107.37242685,4.32585921260471
107.3724269,4.179851847325596
107.37242695,4.557556412101375
107.372427,4.618201379218447
107.37242705,4.261901194656413
107.3724271,4.670740093948534
107.37242715,4.142743703460696
107.3724272,4.219895593639348
107.37242725,4.598455578783709
107.3724273,4.332176089121509
107.37242735,3.9489988621507384
107.3724274,4.17371586818994
107.37242745,3.8193927911669854
107.3724275,3.9442317755428413
107.37242755,3.4064782039401833
107.3724276,3.7964052099928445
107.37242765,3.250512715350589
107.3724277,3.4003031382863296
107.37242775,2.6366925007092736
107.3724278,2.739086306431881
107.37242785,2.1978265933982857
107.3724279,2.320984483841842
107.37242795,1.8055125012940505
107.372428,2.029883618968809
107.37242805,1.2284049522123852
107.3724281,1.4288442284526615
107.37242815,0.5633103153857486
107.3724282,1.0625409666887926
107.37242825,0.2515118926600593
107.3724283,0.46176580248844734
107.37242835,-0.4425812712468733
107.3724284,-0.18287384809143278
107.37242845,-0.8599431073564894
107.3724285,-0.5967459704113525
107.37242855,-1.4477834497671977
107.3724286,-1.2441319086484581
107.37242865,-1.8014414053796555
107.3724287,-1.6229290587221603
107.37242875,-2.15586477692965
107.3724288,-2.2366487958544905
107.37242885,-2.829201442662416
107.3724289,-2.5845114563529292
107.37242895,-2.982128569786338
107.372429,-2.9636410752619224
107.37242905,-3.412543614984212
107.3724291,-3.1672680505973365
107.37242915,-3.5818890310761855
107.3724292,-3.4099850425312335
107.37242925,-4.031103824037853
107.3724293,-3.6241722586781666
107.37242935,-3.991907062277274
107.3724294,-3.8062686973850988
107.37242945,-4.165946945647301
107.3724295,-4.167923336658103
107.37242955,-3.880080448624993
107.3724296,-3.8728232019207574
107.37242965,-4.182691274720478
107.3724297,-3.7465385027206373
107.37242975,-4.1525438013399745
107.3724298,-3.5580531534857314
107.37242985,-4.06317778776609
107.3724299,-3.8335038791914577
107.37242995,-3.403561893338524
107.37243,-3.5585502311437507
107.37243005,-2.9897966950664885
107.3724301,-3.2378186938852114
107.37243015,-2.5736356472987745
107.3724302,-2.7437237983758394
107.37243025,-2.2911214253311067
107.3724303,-2.3542158165980824
107.37243035,-1.7614468057952097
107.3724304,-2.031840077420253
107.37243045,-1.406124975090615
107.3724305,-1.6361762246375464
107.37243055,-0.7713915740285545
107.3724306,-1.042205058594171
107.37243065,-0.4049489128673881
107.3724307,-0.32503923742746244
107.37243075,0.23342927508387262
107.3724308,-0.037116485340334085
107.37243085,0.8719165466821588
107.3724309,0.618162948774248
107.37243095,1.1634330018144308
107.372431,1.1889981286837634
107.37243105,1.8085476847313307
107.3724311,1.5840813894034684
107.37243115,2.384740185367545
107.3724312,2.0348191942596867
107.37243125,2.863296236278681
107.3724313,2.597009234098627
107.37243135,3.1946361691353475
107.3724314,3.0394427708081047
107.37243145,3.643747811880409
107.3724315,3.449553720616842
107.37243155,3.8121621285480813
107.3724316,3.7902912633703068
107.37243165,4.150431293287623
107.3724317,3.9581795386083174
107.37243175,4.398385595620298
107.3724318,4.235152528933929
107.37243185,4.441095534742052
107.3724319,4.210099116334047
107.37243195,4.619663204378095
107.372432,4.560723665103633
107.37243205,4.23104127335439
107.3724321,4.5517074200625
107.37243215,4.158030728622567
107.3724322,4.325010203911904
107.37243225,3.9897106295283606
107.3724323,4.344240420419884
107.37243235,3.7525061110966926
107.3724324,4.231940965217644
107.37243245,3.7726126681676275
107.3724325,4.003540381316405
107.37243255,3.372057246642584
107.3724326,3.570648042906972
107.37243265,2.922424513588389
107.3724327,3.2204977686550227
107.37243275,2.513464553816547
107.3724328,2.7098768327362417
107.37243285,2.156655740835396
107.3724329,2.38699693257295
107.37243295,1.8044331398508036
107.372433,2.051109235188739
107.37243305,1.1955792672529952
107.3724331,1.4515991625059443
107.37243315,0.9131655029503217
107.3724332,1.0445734233663946
107.37243325,0.11320092619784722
107.3724333,0.48444936186250465
107.37243335,-0.5274132223189758
107.3724334,-0.2524111384406948
107.37243345,-0.9250260268138856
107.3724335,-0.8124624728644688
107.37243355,-1.479924450682222
107.3724336,-1.1628519663019212
107.37243365,-1.8022638884542026
107.3724337,-1.7608739060711165
107.37243375,-2.439152244035033
107.3724338,-2.221662614945484
107.37243385,-2.849806272425512
107.3724339,-2.5348188758571726
107.37243395,-3.1288007384294674
107.372434,-2.996576060160993
107.37243405,-3.6598681952604744
107.3724341,-3.2435591575610667
107.37243415,-3.612732855921485
107.3724342,-3.431594364719076
107.37243425,-3.9979362661210174
107.3724343,-3.7887955981420727
107.37243435,-4.143099356574297
107.3724344,-3.8045771961537223
107.37243445,-4.242153836508544
107.3724345,-4.165432213233416
107.37243455,-3.7622494483643067
107.3724346,-4.210362106473579
107.37243465,-3.8055421096275874
107.3724347,-4.198685694884735
107.37243475,-3.5506217299962346
107.3724348,-3.646350373870517
107.37243485,-4.096165984546744
107.3724349,-3.769708342686702
107.37243495,-3.4335328379921317
107.372435,-3.4853102088186847
107.37243505,-3.0496401124419856
107.3724351,-3.313695795426728
107.37243515,-2.8263232520983568
107.3724352,-2.9791045462344323
107.37243525,-2.424933686750942
107.3724353,-2.3776767005077146
107.37243535,-1.838810918106426
107.3724354,-1.9442347047252417
107.37243545,-1.3860254555118159
107.3724355,-1.534663772402713
107.37243555,-0.8797115365188803
107.3724356,-0.9793380927661061
107.37243565,-0.3208897659448551
107.3724357,-0.5784114713323784
107.37243575,0.19162976158873055
107.3724358,0.019836900166126048
107.37243585,0.8605077004400352
107.3724359,0.6425536054979301
107.37243595,1.3821884058205929
107.372436,1.2192666342625469
107.37243605,1.8309776411280803
107.3724361,1.6388521425357658
107.37243615,2.399814998478968
107.3724362,1.9905712455591607
107.37243625,2.7799298672415675
107.3724363,2.5525159652448806
107.37243635,3.249918268676523
107.3724364,3.003767264029871
107.37243645,3.4462677394915886
107.3724365,3.476019665688539
107.37243655,3.774665906485385
107.3724366,3.6752704075735836
107.37243665,4.184161709601599
107.3724367,4.164252192500811
107.37243675,4.066564962083974
107.3724368,4.317573758134883
107.37243685,4.002923822304105
107.3724369,4.1512451889924105
107.37243695,4.5964021300291025
107.372437,4.2207443917364165
107.37243705,4.561521755078209
107.3724371,4.106948753950849
107.37243715,4.606994892604273
107.3724372,4.431034415216739
107.37243725,4.222709359799126
107.3724373,4.389522020198533
107.37243735,4.1264412666847
107.3724374,4.206147990551178
107.37243745,3.788197851527512
107.3724375,4.103278107960205
107.37243755,3.4362313299047074
107.3724376,3.481598826636829
107.37243765,3.2379959866461094
107.3724377,3.2050401779648063
107.37243775,2.6975265184825425
107.3724378,2.866761206569491
107.37243785,2.3172934227782385
107.3724379,2.418235961722261
107.37243795,1.8654833125848609
107.372438,2.001673285482044
107.37243805,1.1769205453727662
107.3724381,1.313101818244079
107.37243815,0.5988466161736955
107.3724382,1.0421433038582388
107.37243825,0.23354754463016497
107.3724383,0.3686330207736755
107.37243835,-0.3778268515152163
107.3724384,-0.14809406578146894
107.37243845,-1.085043150753673
107.3724385,-0.8123630418747757
107.37243855,-1.37414421366002
107.3724386,-1.254197365899295
107.37243865,-1.8168530764738184
107.3724387,-1.638906942154251
107.37243875,-2.19956880717179
107.3724388,-1.993501344295609
107.37243885,-2.8458920421011733
107.3724389,-2.6249818560557454
107.37243895,-3.196158440455478
107.372439,-3.0008327066591276
107.37243905,-3.3885267831700663
107.3724391,-3.224204560337889
107.37243915,-3.863147157801897
107.3724392,-3.8411523058267205
107.37243925,-3.415395667528042
107.3724393,-3.947701580619069
107.37243935,-3.624391380986222
107.3724394,-3.71916745234523
107.37243945,-4.135969464271602
107.3724395,-4.269958519305991
107.37243955,-3.8657774875865094
107.3724396,-4.228230346452019
107.37243965,-3.8250888705590826
107.3724397,-3.8547101565018402
107.37243975,-4.1823666020158266
107.3724398,-3.9844672084001402
107.37243985,-3.6011159545561906
107.3724399,-3.732542144755138
107.37243995,-3.3371220353984663
107.37244,-3.3538930892700414
107.37244005,-2.9779624044274504
107.3724401,-3.1920094251376367
107.37244015,-2.634643950021826
107.3724402,-2.715083802486043
107.37244025,-2.14605398737899
107.3724403,-2.664296410671956
107.37244035,-1.7947909438064256
107.3724404,-2.012202171836666
107.37244045,-1.3364654028995795
107.3724405,-1.6492413599443614
107.37244055,-0.7291333974733774
107.3724406,-0.8931866592726211
107.37244065,-0.4271714931661945
107.3724407,-0.44618741856124705
107.37244075,0.19960233066067787
107.3724408,0.14075501264194307
107.37244085,0.7427701777256509
107.3724409,0.597588405588382
107.37244095,1.2623078897539874
107.372441,1.2095323964544455
107.37244105,1.7744077734645256
107.3724411,1.831177982568843
107.37244115,2.3312496091709294
107.3724412,2.2313569171387573
107.37244125,2.73828021529768
107.3724413,2.5962052908930446
107.37244135,3.331899943112657
107.3724414,2.997483048185162
107.37244145,3.567066399025088
107.3724415,3.4058277681200697
107.37244155,3.8071133890263624
107.3724416,3.8273613616427973
107.37244165,4.142507884588388
107.3724417,3.749419015720245
107.37244175,4.34046639835653
107.3724418,4.3161891757861
107.37244185,3.9757299925962806
107.3724419,4.092803240916496
107.37244195,4.675246816714469
107.372442,4.588422474544857
107.37244205,4.217323411810452
107.3724421,4.140859785401402
107.37244215,4.652542853560785
107.3724422,4.614573023394433
107.37244225,4.025358081398263
107.3724423,4.343574971854102
107.37244235,3.983279700546292
107.3724424,4.12624538822408
107.37244245,3.5641631192850594
107.3724425,3.9868413123832154
107.37244255,3.442201227207455
107.3724426,3.6301541155015618
107.37244265,3.0163003803418964
107.3724427,3.217038461344665
107.37244275,2.578876765843461
107.3724428,2.8783044264490028
107.37244285,2.1833945195409323
107.3724429,2.339009913933176
107.37244295,1.648499862709021
107.372443,1.959949607822329
107.37244305,1.3000315209896172
107.3724431,1.579181251639371
107.37244315,0.651618545443054
107.3724432,0.8538040455690504
107.37244325,0.12170559963268845
107.3724433,0.3463506157555788
107.37244335,-0.4412367884944407
107.3724434,-0.2134791840738304
107.37244345,-0.7634659444662047
107.3724435,-0.7173419214498038
107.37244355,-1.3744776131523457
107.3724436,-1.1852063112479008
107.37244365,-1.8559442679637668
107.3724437,-1.8413391423300798
107.37244375,-2.524442649415023
107.3724438,-2.1676961567420636
107.37244385,-2.728655982256394
107.3724439,-2.5604559835865963
107.37244395,-3.168984778814868
107.372444,-2.9736699441499543
107.37244405,-3.3555636743462074
107.3724441,-3.1738584245807706
107.37244415,-3.794760336550841
107.3724442,-3.4548509548374513
107.37244425,-3.977016801916126
107.3724443,-3.6347371085807505
107.37244435,-4.095523916123331
107.3724444,-3.714287919746762
107.37244445,-4.235765072053578
107.3724445,-3.7848194727685267
107.37244455,-4.305414840387121
107.3724446,-4.209016025117843
107.37244465,-3.8703307392054116
107.3724447,-4.197765373767913
107.37244475,-3.638595523964591
107.3724448,-3.54302807220839
107.37244485,-3.9794219234090806
107.3724449,-3.7641580483048003
107.37244495,-3.183855199293795
107.372445,-3.5960836960608424
107.37244505,-3.0027439520364587
107.3724451,-3.1896885811375717
107.37244515,-2.5237171296368346
107.3724452,-2.8152172162475466
107.37244525,-2.136250576108634
107.3724453,-2.4766769128518145
107.37244535,-1.836048972155964
107.3724454,-1.9253978221472012
107.37244545,-1.3510550646314814
107.3724455,-1.4297411134635827
107.37244555,-0.8184247046673276
107.3724456,-0.9742724796625664
107.37244565,-0.3047397504890819
107.3724457,-0.6068994781326477
107.37244575,0.20675868875733555
107.3724458,0.08619744123433953
107.37244585,0.7703487144417804
107.3724459,0.6098123771694117
107.37244595,1.3751093487753205
107.372446,1.2176084468331032
107.37244605,1.7870787389908511
107.3724461,1.7942370630225322
107.37244615,2.2389810959526883
107.3724462,2.1579103997203437
107.37244625,2.7868915630702333
107.3724463,2.612955621913063
107.37244635,3.2253588159823057
107.3724464,2.9960782942250948
107.37244645,3.564737507541496
107.3724465,3.4279461429566287
107.37244655,3.9202714688242577
107.3724466,3.6770522720101417
107.37244665,4.181468153474403
107.3724467,4.025026489861559
107.37244675,4.490951176468128
107.3724468,4.229073163277008
107.37244685,4.305453666514924
107.3724469,4.265678924665553
107.37244695,4.520861536394322
107.372447,4.181790911395573
107.37244705,4.599219557895633
107.3724471,4.462703671094896
107.37244715,4.230281915095855
107.3724472,4.19539462714248
107.37244725,4.496464815703005
107.3724473,4.398664531222114
107.37244735,3.758482341871624
107.3724474,4.221438797497344
107.37244745,3.574798771574548
107.3724475,3.9049370605734826
107.37244755,3.427035109463026
107.3724476,3.663069600081997
107.37244765,2.9230978863810395
107.3724477,3.171973377279927
107.37244775,2.8005397546226645
107.3724478,2.8174963102497323
107.37244785,2.16819092111747
107.3724479,2.4653758800223264
107.37244795,1.814801155597252
107.372448,1.923527798084441
107.37244805,1.2368001481450506
107.3724481,1.3959459868707238
107.37244815,0.7521934625457757
107.3724482,0.7905022956201357
107.37244825,0.20380603901848854
107.3724483,0.36941403083930574
107.37244835,-0.48750684435537905
107.3724484,-0.16858140723088247
107.37244845,-0.7890055538613484
107.3724485,-0.80048872082704
107.37244855,-1.4640741356522489
107.3724486,-1.173567959180849
107.37244865,-1.7909006466701172
107.3724487,-1.8887935953262285
107.37244875,-2.4512678668461834
107.3724488,-2.247295329306178
107.37244885,-2.7725581502709704
107.3724489,-2.6373187966407627
107.37244895,-3.1574337558670784
107.372449,-3.0394721122253823
107.37244905,-3.4057432906003005
107.3724491,-3.094046882301646
107.37244915,-3.79082454686139
107.3724492,-3.5234683668271987
107.37244925,-3.810207544874679
107.3724493,-3.616243315710844
107.37244935,-4.183472910125237
107.3724494,-3.9299254698552977
107.37244945,-4.252437317001596
107.3724495,-3.877962775200648
107.37244955,-4.175710715363494
107.3724496,-4.157522343068284
107.37244965,-3.886889668170724
107.3724497,-3.786463241408978
107.37244975,-4.0301922512921795
107.3724498,-3.8869740167500155
107.37244985,-3.6392199304340638
107.3724499,-3.7672708167163798
107.37244995,-3.3685310748378363
107.37245,-3.5646975081230092
107.37245005,-2.980431384945586
107.3724501,-3.150386346557632
107.37245015,-2.8139475354069488
107.3724502,-2.767846168934282
107.37245025,-2.147746516647888
107.3724503,-2.400219076404802
107.37245035,-1.8018988799083269
107.3724504,-1.9819634572291844
107.37245045,-1.479161221822903
107.3724505,-1.6609428619251796
107.37245055,-0.8523807709755982
107.3724506,-1.0113235090249775
107.37245065,-0.3812188837441138
107.3724507,-0.391376476241761
107.37245075,0.19415012875995893
107.3724508,0.19471127037558267
107.37245085,0.7356582599358588
107.3724509,0.5844314391392325
107.37245095,1.4107344518088571
107.372451,1.1773423201845286
107.37245105,1.8763490994723506
107.3724511,1.8711848263601527
107.37245115,2.391831302156818
107.3724512,2.163749491711585
107.37245125,2.783000704164591
107.3724513,2.586620354323015
107.37245135,3.2496790097473003
107.3724514,3.0331304115317304
107.37245145,3.5149284716916993
107.3724515,3.4021400877538013
107.37245155,3.7613874068706803
107.3724516,3.6612582067158246
107.37245165,4.171062145129296
107.3724517,3.975972044607324
107.37245175,4.349013733388529
107.3724518,4.228663635646699
107.37245185,4.562756443592753
107.3724519,4.244674588885266
107.37245195,4.596761903473121
107.372452,4.653128517741565
107.37245205,4.273288266623986
107.3724521,4.60165290845775
107.37245215,4.173014359457102
107.3724522,4.263015909935978
107.37245225,4.356904243056917
107.3724523,4.4006363478813295
107.37245235,3.8555257640190095
107.3724524,3.837732483025389
107.37245245,4.122722826161752
107.3724525,3.9899010087959472
107.37245255,3.3827225591379384
107.3724526,3.704513552956959
107.37245265,2.870742797879828
107.3724527,3.1393058239871454
107.37245275,2.5845288549033953
107.3724528,2.7257518867687085
107.37245285,2.2064081695551834
107.3724529,2.4184249439683407
107.37245295,1.6725820674263496
107.372453,1.9987120315411346
107.37245305,1.2020521319230288
107.3724531,1.3953071757703972
107.37245315,0.761269120477526
107.3724532,1.0562521790136665
107.37245325,0.20728487686469593
107.3724533,0.38701737395095126
107.37245335,-0.451180235732668
107.3724534,-0.1782326824475407
107.37245345,-0.8806546063688723
107.3724535,-0.8194350519724221
107.37245355,-1.4258347833560776
107.3724536,-1.267968253196919
107.37245365,-1.9659467576671703
107.3724537,-1.8043478070225345
107.37245375,-2.4062682170369567
107.3724538,-2.1430692598409204
107.37245385,-2.8271296113997604
107.3724539,-2.5620370318080528
107.37245395,-3.2705051328487027
107.372454,-2.980991438605322
107.37245405,-3.418950394453315
107.3724541,-3.6081684268077936
107.37245415,-3.1734266762404664
107.3724542,-3.396637785341903
107.37245425,-3.934732821874701
107.3724543,-3.53648541225458
107.37245435,-4.23622098461444
107.3724544,-3.775648566262969
107.37245445,-4.232992823938603
107.3724545,-3.706624971540334
107.37245455,-4.1690765080451975
107.3724546,-3.72695332662027
107.37245465,-4.246214550176672
107.3724547,-4.23980368520119
107.37245475,-3.679015547076965
107.3724548,-3.941379217984045
107.37245485,-3.38200205280835
107.3724549,-3.796839929471487
107.37245495,-3.276717906207849
107.372455,-3.3724576189439572
107.37245505,-2.942056054009008
107.3724551,-3.2238368949632576
107.37245515,-2.605584084092714
107.3724552,-2.759089288419555
107.37245525,-2.14261957291542
107.3724553,-2.475757961358579
107.37245535,-1.8050507567311347
107.3724554,-2.0004700110595284
107.37245545,-1.4880189404162234
107.3724555,-1.3647469464743374
107.37245555,-1.0104348687823075
107.3724556,-1.0758494231766087
107.37245565,-0.3958122985784222
107.3724557,-0.41051118892550253
107.37245575,0.1693848042578464
107.3724558,0.21631970042414683
107.37245585,0.7976900308923883
107.3724559,0.5217098681427708
107.37245595,1.3745139406121438
107.372456,1.1527892818543881
107.37245605,1.9965223836536559
107.3724561,1.6638899445541073
107.37245615,2.452649486259004
107.3724562,2.2207382065781553
107.37245625,2.817524351152469
107.3724563,2.5968360844540146
107.37245635,3.3069109644549903
107.3724564,2.9896865485465534
107.37245645,3.5552546700536065
107.3724565,3.4310773603856592
107.37245655,3.847094496278903
107.3724566,3.6102655128309946
107.37245665,4.186295257886706
107.3724567,3.9272318293335666
107.37245675,4.413064508580824
107.3724568,3.9970143959708047
107.37245685,4.371576176714019
107.3724569,4.574591170996734
107.37245695,4.1822977566765065
107.372457,4.567476274084793
107.37245705,4.2401294097001445
107.3724571,4.2500495556895235
107.37245715,4.562706291950153
107.3724572,4.627859183086093
107.37245725,4.151682969535183
107.3724573,4.30098702251878
107.37245735,4.044941342092967
107.3724574,4.2259970538770855
107.37245745,3.774077794418026
107.3724575,3.7956253299394476
107.37245755,3.3947629595222057
107.3724576,3.5969177525792264
107.37245765,2.9629693596433313
107.3724577,3.199677244243993
107.37245775,2.7466147064391575
107.3724578,3.0251902091975866
107.37245785,2.1483721998122456
107.3724579,2.5241518760607176
107.37245795,1.7395567918439003
107.372458,1.9624385513185894
107.37245805,1.423623166246593
107.3724581,1.5028571736666045
107.37245815,0.6895542886878592
107.3724582,0.9708187192628632
107.37245825,0.21492584930520145
107.3724583,0.4401897092006024
107.37245835,-0.4235440389721403
107.3724584,-0.12310374368819875
107.37245845,-0.9351065596551432
107.3724585,-0.8796241447211969
107.37245855,-1.3974939747306365
107.3724586,-1.2300085957274614
107.37245865,-1.8312480328275975
107.3724587,-1.788311788388375
107.37245875,-2.4385019811341273
107.3724588,-2.1992010956673385
107.37245885,-2.841044185017938
107.3724589,-2.5895941908302413
107.37245895,-3.1686778805513187
107.372459,-3.052252703134155
107.37245905,-3.4668545957921517
107.3724591,-3.3468043459580388
107.37245915,-3.755066418721697
107.3724592,-3.3345191097794618
107.37245925,-3.81053488449457
107.3724593,-3.821692045235609
107.37245935,-3.942980211224685
107.3724594,-3.8387384015030146
107.37245945,-4.142312949978366
107.3724595,-4.158803138621668
107.37245955,-3.7170577560954907
107.3724596,-4.177896941072568
107.37245965,-3.7255450720798744
107.3724597,-3.849623239275059
107.37245975,-4.013204832538995
107.3724598,-4.029812709156747
107.37245985,-3.658826380788831
107.3724599,-3.381692858726546
107.37245995,-3.87766013132766
107.37246,-3.4115418603055203
107.37246005,-2.964076651947498
107.3724601,-3.2779486997915717
107.37246015,-2.640667634515556
107.3724602,-2.8030458129045606
107.37246025,-2.1408364723403426
107.3724603,-2.363886313241213
107.37246035,-1.8200254231170867
107.3724604,-1.9741065298261378
107.37246045,-1.129995011148831
107.3724605,-1.6186113512443638
107.37246055,-0.7660491703742084
107.3724606,-1.1257001151156714
107.37246065,-0.451392593172477
107.3724607,-0.3900184526922408
107.37246075,0.13012629086719973
107.3724608,0.22757035798176606
107.37246085,0.7814094852677996
107.3724609,0.6263906526535823
107.37246095,1.4409697728878867
107.372461,1.2124587925780568
107.37246105,1.9076396053129276
107.3724611,1.6253627085633022
107.37246115,2.396329216766155
107.3724612,2.2049785554878807
107.37246125,2.785872431657722
107.3724613,2.5175496232303964
107.37246135,3.228752511148564
107.3724614,3.0566805856863564
107.37246145,3.6090324919843586
107.3724615,3.438700625550818
107.37246155,4.003648500641291
107.3724616,3.7138937962542977
107.37246165,4.205266749705567
107.3724617,4.095486613667252
107.37246175,4.3376146976103005
107.3724618,4.301435277490504
107.37246185,4.54168113726128
107.3724619,4.294435974754819
107.37246195,4.6720537297056515
107.372462,4.6009809550186365
107.37246205,4.145003787480829
107.3724621,4.6563080928617895
107.37246215,4.161793218674858
107.3724622,4.392614021561073
107.37246225,4.248543104853292
107.3724623,4.44389661949903
107.37246235,3.8525124967081235
107.3724624,3.976213610634251
107.37246245,3.6825655705717777
107.3724625,3.76342949725873
107.37246255,3.417398399797909
107.3724626,3.632267697853563
107.37246265,2.9477804685290927
107.3724627,3.176152449340958
107.37246275,2.8095760536576515
107.3724628,2.714780981081605
107.37246285,2.1792164803545693
107.3724629,2.3746545853264176
107.37246295,1.6618558923564712
107.372463,1.80542572270084
107.37246305,1.2832703299526624
107.3724631,1.4339047050071028
107.37246315,0.7824496639757932
107.3724632,0.954831308592029
107.37246325,0.20848674837854783
107.3724633,0.1607924827116721
107.37246335,-0.2950418189160619
107.3724634,-0.5146752915000351
107.37246345,-0.9999318609321385
107.3724635,-0.9056901989170396
107.37246355,-1.4111349742693822
107.3724636,-1.4241119638794837
107.37246365,-2.007487361465479
107.3724637,-1.7323397244659091
107.37246375,-2.554314936135303
107.3724638,-2.2087669062439192
107.37246385,-2.815579649562887
107.3724639,-2.519670027361251
107.37246395,-3.1683323575683686
107.372464,-3.054338558133185
107.37246405,-3.447097635711745
107.3724641,-3.172694705955475
107.37246415,-3.8306132062255105
107.3724642,-3.440667916883298
107.37246425,-4.0544730097118
107.3724643,-3.638034017113338
107.37246435,-4.023890585051643
107.3724644,-3.8039934176793406
107.37246445,-4.221431279021123
107.3724645,-3.7927333306717244
107.37246455,-4.190098330539093
107.3724646,-4.127696151870024
107.37246465,-3.7859539278065153
107.3724647,-4.088785667239803
107.37246475,-3.7811306967303886
107.3724648,-3.67755649967878
107.37246485,-3.8173375859360155
107.3724649,-3.814095019495333
107.37246495,-3.3643933259010996
107.372465,-3.385017162986916
107.37246505,-2.9174743858697183
107.3724651,-3.151397786280926
107.37246515,-2.6500214616031497
107.3724652,-2.824030498099871
107.37246525,-2.260871261178453
107.3724653,-2.384098565906638
107.37246535,-1.758388187520451
107.3724654,-1.9959882579820574
107.37246545,-1.3920289837242303
107.3724655,-1.369812217319064
107.37246555,-0.8510057727309531
107.3724656,-1.0796419355445679
107.37246565,-0.3756304942255415
107.3724657,-0.46329086513632106
107.37246575,0.1795864780971053
107.3724658,0.087402117396492
107.37246585,0.8388256098018751
107.3724659,0.6374300152894299
107.37246595,1.3714605633307413
107.372466,1.2672380919412385
107.37246605,1.796118564944107
107.3724661,1.5390004920259814
107.37246615,2.3534795279861336
107.3724662,2.1075135683239523
107.37246625,2.826037160429885
107.3724663,2.6342777375841764
107.37246635,3.1933834104112853
107.3724664,3.0618855797681195
107.37246645,3.5968135138219974
107.3724665,3.4069489669784745
107.37246655,3.781072892356005
107.3724666,4.04764328827539
107.37246665,3.5796451290045384
107.3724667,4.030067728196277
107.37246675,4.316866595230248
107.3724668,4.408612644748248
107.37246685,3.9382676361379874
107.3724669,4.261774416504935
107.37246695,4.7651355083236515
107.372467,4.632620083382593
107.37246705,4.212862361168461
107.3724671,4.5659081128584855
107.37246715,4.211694543504822
107.3724672,4.651552546622283
107.37246725,4.208464633150456
107.3724673,4.391696360945494
107.37246735,3.9244071477699496
107.3724674,3.746730548933797
107.37246745,4.176607678699565
107.3724675,3.920299846062089
107.37246755,3.356102628133515
107.3724676,3.62417109418409
107.37246765,2.9699660729794295
107.3724677,3.297306300618152
107.37246775,2.6040467876364084
107.3724678,2.818836409137412
107.37246785,2.2261065140757594
107.3724679,2.4820705759983035
107.37246795,1.7735341407513001
107.372468,2.019009180681638
107.37246805,1.1928907740002572
107.3724681,1.3375824797097426
107.37246815,0.8251849589968048
107.3724682,0.7990351597045946
107.37246825,0.27328878112951
107.3724683,0.415107854178562
107.37246835,-0.35735082605556673
107.3724684,-0.22689082378176392
107.37246845,-0.9242782223157744
107.3724685,-0.7577143120747114
107.37246855,-1.341152205562002
107.3724686,-1.0888114689702666
107.37246865,-1.941725320271679
107.3724687,-1.8152321853418811
107.37246875,-2.437139127354846
107.3724688,-2.2367362474640395
107.37246885,-2.7536730482259544
107.3724689,-2.6689782472877903
107.37246895,-3.1547840112399728
107.372469,-3.0021843851734618
107.37246905,-3.3911688693970876
107.3724691,-3.196170977182234
107.37246915,-3.773862446025966
107.3724692,-3.5739633707625864
107.37246925,-4.016653416908397
107.3724693,-3.7954572404378766
107.37246935,-3.954783016411731
107.3724694,-4.12657303531415
107.37246945,-3.903800406370824
107.3724695,-3.8468307051325534
107.37246955,-4.151268004290187
107.3724696,-3.774357286701449
107.37246965,-4.2539429090598135
107.3724697,-4.022525110000371
107.37246975,-3.669604010251924
107.3724698,-4.01115202345448
107.37246985,-3.6674130639591573
107.3724699,-3.6156244630287446
107.37246995,-3.254436806885706
